302.3223786666667
27.754143999999997
21.910742666666664
14.067848
13.387997
13.084086666666666
13.697893666666667
16.813260333333332
13.208341666666666
19.912379666666666
14.000029666666666
13.558718
25.284558000000004
28.128489
12.486844666666668
12.088014333333334
30.548580666666666
11.164730666666667
11.736554333333332
11.078534333333334
12.508137999999999
9.990902666666665
13.664138666666668
11.506394666666669
14.191934999999999
43.96895133333333
34.37139499999999
38.297515
33.816702
43.463025333333334
44.599158
41.523776
93.452447
51.79197833333333
39.61046533333332
40.646277000000005
118.27998533333334
45.29437300000001
45.317547
44.54638266666666
49.367628333333336
36.80846699999999
37.44110633333334
36.43683066666666
37.71355066666667
39.12994966666666
43.76620666666666
37.948603999999996
37.82708533333334
67.97257966666668
134.87454399999996
13.998804333333334
13.887696
21.091224666666665
12.597290000000001
15.551139666666668
13.577861333333333
13.155925
13.092856999999999
13.385183
12.701342333333331
16.250512333333333
11.365011666666666
10.409590000000001
12.200423333333335
21.703011
20.72372
9.453844
11.44943
11.281634999999998
10.630634
18.86843833333333
13.320273333333333
12.073478999999999
11.382819333333334
14.974864666666667
14.790104333333334
22.155220333333332
35.58462233333333
60.867374999999996
34.352806666666666
46.203456
35.688058
33.47034766666667
33.54606833333334
34.80277066666667
48.730489
69.79511000000001
36.533622666666666
59.36226433333333
30.566395666666665
35.27450700000001
37.87772233333334
80.45060566666668
38.676242
38.458460333333335
60.247305999999995
190.82267233333334
30.830030666666666
51.88728633333333
20.64565266666667
12.587757666666668
12.564708
11.170030666666667
14.703725666666664
16.062182999999997
11.373766
12.187671666666668
10.873546666666666
12.387263333333333
11.62599
10.998846333333333
12.141402000000001
9.947160333333334
11.460946333333332
10.220374
13.09184
11.305959333333332
11.055480666666668
20.54836166666667
11.876156000000002
12.731223333333334
9.779305333333333
11.206160666666666
12.047568
10.457862333333335
11.240203333333334
33.247395
42.64254366666667
56.17153466666666
66.083576
54.525131333333334
39.811421333333335
36.498805999999995
32.27630533333333
35.31062633333333
35.674579666666666
46.20788233333333
44.827656999999995
35.132386000000004
33.46144766666667
37.25582033333334
67.074361
36.408439
46.510722
40.87208933333334
69.72458733333332
97.79406033333333
21.061017333333336
34.26569800000001
18.418437
12.810224333333334
10.306518999999998
12.776039666666668
13.410708666666666
11.384539
12.54193
11.426685999999998
10.645819999999999
18.508065000000002
12.595834333333334
11.504704
10.641756999999998
14.921816999999999
11.918041333333335
12.232041666666667
11.893444333333333
10.653872666666667
11.154653333333334
10.54331166666667
11.226968000000001
11.112133333333334
10.471668666666668
9.737621
10.179877666666666
12.459238
10.009865333333334
12.272769
36.95848866666667
35.25364933333333
26.65713566666667
28.379802666666667
25.76835333333333
25.815501333333337
20.693511
20.66913333333333
34.26028733333333
34.046137333333334
30.501877999999998
26.501391666666663
28.761823999999997
20.50586666666667
29.169252333333333
28.156171666666665
20.122637333333333
37.09422833333334
28.612894666666666
22.286991333333336
27.227737666666666
29.019874
33.02115866666667
28.598379
23.625136333333334
37.69411433333334
40.15722100000001
54.488029999999995
46.989740999999995
35.250209999999996
40.28700799999999
42.26163700000001
32.187946000000004
45.634399
38.09790466666667
51.04489233333334
43.498481000000005
34.30341733333333
37.253661333333326
42.52910233333334
41.27842366666667
35.67321
47.45087200000001
42.503272
45.649651000000006
46.599368000000005
32.139998999999996
44.92669633333333
33.45693133333333
35.53654266666666
34.729709666666665
36.71812366666666
37.54574433333333
34.670687666666666
32.397228999999996
37.264651666666666
135.5335333333333
35.759231666666665
31.719725666666665
33.9775
31.015076666666666
64.81160466666667
44.150118666666664
42.880049
40.85072733333333
46.15717266666666
42.30027066666667
35.51300466666667
34.834206
28.95392233333333
122.30047466666667
111.67546366666666
15.413679
13.071827666666668
12.216610333333334
23.278489333333333
14.431921333333333
11.738405333333334
10.550466333333333
23.729037333333334
10.812275
18.58460433333333
11.568691666666668
9.298518666666666
11.112780666666668
64.94923200000001
54.89042233333333
35.37737800000001
36.11186833333333
63.03911233333332
34.33832566666667
33.827801666666666
49.624912333333334
40.08968566666666
35.85609833333333
37.211289666666666
40.42803266666667
36.599617
31.467586
39.97243866666666
41.21395233333333
47.871715
45.676952
42.885704
43.282169666666675
33.996638666666655
40.01690733333333
38.775992666666674
39.274960666666665
38.943058666666666
61.32490799999999
59.249019000000004
33.24441866666666
50.36728
62.242327
68.23887366666666
46.333683
51.771948333333334
36.34493433333334
44.121151999999995
48.112937
52.69227666666667
32.017314999999996
214.925812
13.264715333333331
11.715587666666668
12.499692999999999
12.320736666666665
11.666724666666665
23.251995666666666
11.784475999999998
12.191488333333334
10.847864333333332
13.398454999999998
13.486722666666665
12.118299666666665
17.91390433333333
20.933069333333332
9.802019999999999
13.991051333333335
12.242178666666668
12.370181
25.623900333333335
15.627776333333335
12.378036
11.768978
12.609167666666668
11.286369666666667
11.277926333333333
11.278954
10.896686666666666
11.394342666666667
11.196467333333334
10.632765666666666
11.171396666666668
12.588997333333333
21.013253999999996
44.096400333333335
41.417719000000005
57.41777200000001
42.90138966666667
48.469415999999995
37.75164933333333
40.305131
40.845651999999994
39.80122
38.601791666666664
34.72627733333334
46.65508866666667
35.24518833333334
39.48155466666667
56.85389833333334
38.79417266666667
52.49719266666666
47.047160999999996
39.996760333333334
42.44268466666667
60.46547233333334
49.779082
64.36781099999999
42.36043533333333
33.577497666666666
34.356668
19.137972333333334
17.119200333333332
17.382304333333334
17.081995
24.097292333333332
16.49526266666667
18.57184566666667
18.705978
17.774025333333334
15.325377666666666
14.938715333333334
16.939521666666668
16.62698466666667
27.391698
18.43043733333333
15.315753666666666
15.909527666666666
15.756008
16.827682666666668
14.075981333333333
15.647669000000002
22.62327
14.771041666666667
22.071647000000002
16.818658
28.236681666666666
20.877329666666668
38.069219
48.866917
41.05462566666667
49.389380333333335
154.0342583333333
35.10207366666667
41.33592866666667
47.650569333333344
67.006945
42.82844600000001
41.936687000000006
60.05614633333333
41.20164933333333
41.73093466666666
59.25755866666667
78.65036933333334
40.682655999999994
52.70812166666666
42.43922666666667
35.98790399999999
33.88583333333333
18.69368366666667
15.447131
73.24802266666667
31.009357333333334
16.22799266666667
28.78142266666667
15.820116999999998
16.808052333333332
19.144748333333332
16.329052333333333
16.364311
17.06894
17.254419000000002
15.057314000000002
14.145050666666668
14.536278
24.815464
16.474459666666665
16.527002
13.696900999999999
17.035861666666666
14.831279333333335
24.563783333333333
16.302926
14.276817666666668
19.320981666666665
37.72754266666666
40.15773366666667
47.261347
443.981273
37.67099133333333
116.88320700000001
37.02328
125.38332000000001
46.466353
62.08482633333334
72.61979066666669
39.758432666666664
55.47022499999999
39.32336099999999
39.40081833333333
44.53846033333333
43.534339333333335
52.52081033333333
56.04833466666666
40.48715599999999
215.09121100000002
121.605133
22.239356999999995
54.28876566666667
34.67905
20.201951
21.538045333333333
16.05658766666667
30.456470999999997
27.963506
17.481269
17.005034333333334
13.327678666666667
26.370229333333334
17.336267333333332
14.383053333333335
14.981537
20.86010466666667
16.083053
16.534027
16.220397000000002
25.618716666666668
22.958569
17.09662133333333
14.318135333333332
14.739602
18.55306633333333
16.825692999999998
14.333649
81.70961466666667
16.362012666666665
15.458158000000001
37.074737
47.71180666666667
52.93271366666666
59.666733
40.893682
40.62581766666666
37.603212
38.709612
42.161868
43.34178133333333
41.70727933333333
41.057084
56.43006033333334
37.15819233333333
40.02313100000001
39.158351333333336
166.19221033333335
54.94685566666667
39.158599333333335
19.224042
21.137799
17.421133
14.942069666666665
125.95150133333334
13.537714333333334
15.074429333333333
25.786661000000002
18.615684
28.21786433333333
15.632728333333334
39.580447666666664
51.82478000000001
41.30618966666667
62.945285000000005
61.97353799999999
122.24387533333332
53.292589
77.41631733333334
65.01223566666665
40.485878666666665
39.23501133333334
54.15854233333334
41.641577000000005
41.290324
39.304153666666664
41.21520066666666
41.07071966666667
43.438622
54.437910333333335
43.899932
43.183456
39.36325399999999
53.163716666666666
59.785296333333335
49.003378999999995
67.58134766666666
43.71691366666666
97.40451733333335
74.663872
18.002630999999997
20.22466666666667
15.581682666666667
37.183663
12.408755333333334
16.101409333333336
13.889947000000001
16.843332333333336
17.972535
14.230343
21.955023666666666
27.044096
25.242365333333336
48.062719333333334
55.243257
36.537815
55.44796766666666
148.84927766666667
48.83726333333333
43.705782666666664
49.526745
40.43322266666667
25.228993999999997
31.716722333333337
33.163833
30.670967666666662
25.35761533333333
25.86728166666667
31.357125999999997
32.01337266666667
39.38469400000001
24.64784433333333
55.694615000000006
35.44414966666667
41.44962
46.58147833333334
52.357176
45.94677
40.63847633333334
36.02688466666667
40.55982766666668
41.07830100000001
39.82831866666667
40.324526999999996
41.589591999999996
55.334691333333325
46.975619666666674
70.08199166666665
60.20174966666667
48.636581333333325
50.48921
61.79652966666667
68.93663533333334
148.28666733333333
175.64622366666666
24.668453
20.57168533333333
17.283853333333333
17.966261666666664
15.542553333333334
15.153669
21.881585666666666
17.024636333333333
16.858500666666664
20.807583666666666
18.19795066666667
21.009910666666666
19.155653666666662
19.982163333333332
17.948988
16.568864
22.00555366666667
18.474350666666666
13.489158999999999
41.62861166666667
40.15366133333334
107.14629566666666
64.301791
43.248847000000005
42.592709000000006
25.88544266666667
31.914459333333333
25.187405333333334
24.787408000000003
34.148743
25.00718566666667
30.306442333333333
23.93327933333333
33.73636666666667
46.360143
43.23963366666666
49.44378799999999
43.628285000000005
41.155948333333335
44.97375633333333
49.40738833333334
60.46016866666667
41.131226
55.35043233333333
40.99119400000001
126.46549599999999
40.24239933333333
43.504033666666665
37.34119533333334
47.42393433333333
50.768522999999995
112.64380933333335
120.50364866666665
45.41739266666667
41.966720333333335
53.49719433333334
118.95077366666668
48.30110966666667
46.22487066666666
18.984783333333336
16.894545333333333
15.195582
14.482790333333334
15.018266
24.384181
15.726372999999999
13.233958666666664
22.14339866666667
20.432969
16.444003333333335
22.832105333333335
16.43035133333333
14.595204000000003
15.199130333333333
47.97752933333334
41.100213333333336
42.48409533333333
39.919641999999996
39.50258733333333
37.732460333333336
47.088753
40.344359000000004
52.50201633333334
45.495113
42.66922733333333
37.928404
53.845962666666665
39.988022666666666
41.92597333333333
42.84474433333334
39.215728666666664
57.68814199999999
81.161934
42.89802166666667
42.818417333333336
45.236405
42.39057433333334
52.665718000000005
42.02394199999999
50.558771333333326
67.52275
67.13058133333332
266.66293633333333
38.74745333333333
44.77160566666666
216.10356
17.393752666666668
33.076380666666665
21.38400733333333
13.209331
17.648237
14.936290333333336
12.394245333333332
12.750951666666667
11.852320666666666
15.839677
16.401368666666666
12.942271333333334
10.446772333333334
12.580202666666667
12.379855666666666
15.301216333333333
13.749525333333334
12.177638666666667
11.842581
11.827424333333335
9.540728666666666
10.039048333333334
12.284232999999999
11.627014333333333
12.106758666666666
12.069492
12.851399666666667
12.237302333333334
13.198760666666667
13.512502333333334
186.44613600000002
35.758065666666674
41.51129766666667
36.591965
37.792501333333334
34.745823
55.514152333333335
40.060853
35.213159
48.591307
34.588982
33.25076166666667
35.08508066666667
39.459089
52.44198599999999
34.15379433333333
59.677353333333336
39.37483133333333
39.136554333333336
49.75857366666667
39.78227166666667
37.156250333333325
38.655790666666675
37.627507666666666
42.57925033333334
33.13247933333333
37.38097166666667
39.66607200000001
109.72974333333336
43.34896866666667
43.680035
51.87888733333333
41.56398566666667
55.685558
53.36078066666666
49.44855200000001
46.28953833333333
38.31017866666666
54.19354266666666
41.42628933333333
33.44175433333333
33.834374
40.769088333333336
38.56973933333334
36.541751000000005
37.69054766666667
42.25355166666666
56.50764533333332
56.04370033333334
37.27274766666667
118.10118133333334
47.555696000000005
36.99551333333333
38.490922
38.743683000000004
36.339171666666665
37.318695
45.12086133333334
41.08429066666666
40.643694
41.87090033333333
55.17798166666667
50.91158433333334
37.702110000000005
36.587080666666665
47.804745
39.491081666666666
42.99113733333334
37.879270999999996
36.591457333333324
59.09004199999999
103.92155466666665
69.304681
40.043645000000005
18.493516999999997
10.020030666666667
12.026602
12.593361000000002
12.103883
10.985883999999999
12.408148
12.989849
12.742283666666667
22.395675999999998
20.511844
11.681190666666666
13.629135000000002
22.139041
11.484213666666667
12.211733666666666
11.803775
11.421347
11.389925000000002
10.412858333333334
12.735263999999999
12.931999666666666
12.361399666666667
11.913782999999999
18.839165333333337
11.750532
10.556925
13.033421333333333
16.15721866666667
10.045919666666666
9.839977333333334
9.802969666666668
11.676480333333334
24.591611999999998
38.97632233333334
41.507777
35.605764666666666
39.058003666666664
38.891859333333336
36.29117266666667
58.57006200000001
43.784635333333334
38.94758933333334
36.459644000000004
36.19590066666667
38.52459833333333
33.125748666666674
39.565018333333335
34.61202166666667
38.587015
33.37965066666667
64.81119966666667
49.491736333333336
63.039706
38.71790133333334
40.63917466666667
34.40649066666667
96.68168100000001
45.40066066666667
77.35752333333333
47.056195333333335
39.046440999999994
61.94151266666666
40.89071866666667
37.514146999999994
33.819347666666665
70.86963366666667
33.88942633333333
85.95944466666666
35.276582
43.62865466666667
39.067885666666676
39.447156666666665
38.611768
39.748904333333336
39.107984333333334
40.01528333333333
42.11749066666667
37.674201000000004
41.758139666666665
39.139010000000006
38.54744133333334
42.42410566666667
37.487107666666674
46.47613166666666
43.293423333333344
37.02201766666666
37.97090033333333
41.98905966666666
699.7784716666665
57.61924499999999
683.7876153333333
14.800359
17.023562
13.087060666666666
12.279989666666665
11.770767000000001
11.119470333333334
11.869595666666665
10.520475333333334
12.653341
11.916221
12.100411333333332
9.574275
10.313162666666669
10.884805
11.764939666666667
11.014461333333333
9.336599666666666
39.485382333333334
34.977044666666664
34.440874333333326
37.61099
34.960276
36.098395333333336
34.336615
54.331708
50.424596
38.213916000000005
38.917098
35.79783733333333
36.649616
46.54835
42.00420766666666
32.69292933333333
45.94009166666666
47.20460633333333
37.657911666666664
51.561732
39.10393266666666
52.543069
39.471700999999996
36.435651
33.01906433333333
33.84524166666667
49.187006333333336
35.645809
36.341701666666665
42.05348466666667
34.757177999999996
46.79196700000001
40.542233666666675
38.97207466666667
36.912515666666664
78.16437766666667
49.57998466666666
52.031695
51.04922633333333
37.820761000000005
34.77085133333333
34.906447666666665
37.457598
36.259899999999995
72.55693366666667
46.734889333333335
38.04824733333333
42.491785
107.77636366666665
52.61153433333333
37.793567
47.796904999999995
36.56249900000001
46.49073533333334
37.228134
37.92776233333334
41.840681333333336
48.09168766666667
45.831736
49.61677400000001
41.381442
36.73500033333334
74.45492833333334
47.70196766666667
47.282140000000005
43.41457666666666
53.135916666666674
46.12443066666667
43.163939
40.74018733333334
218.41518299999998
209.49990699999995
50.261751000000004
20.890950666666665
13.626475000000003
14.283728
12.441908999999999
13.367601
13.302441333333332
12.288939333333333
17.340923333333336
13.056435666666667
12.170432000000002
14.075809
11.641205333333332
12.240197666666665
17.386193000000002
12.593927333333333
21.266382333333336
12.040040333333334
11.629777333333333
11.650316333333333
12.323618333333332
10.92874
16.391710333333336
16.774514999999997
11.241750666666666
9.321110666666666
10.016671
17.524803000000002
11.991211333333332
40.643137
45.64576333333334
34.56395866666667
37.05655899999999
37.751426
56.98666333333333
32.24663933333333
37.74967033333333
36.89061366666667
38.07407766666667
79.78080566666668
48.33624433333333
37.683186
36.39844299999999
36.214359
37.08087366666666
33.349911
50.17154766666666
40.660430999999996
159.4847526666667
42.471221666666665
42.69208033333333
41.79355633333333
42.691724
42.271403666666664
43.24694333333333
51.78470966666667
52.70615599999999
41.51708666666667
46.874894
41.21300666666667
43.167837
39.349475
41.46344266666666
40.01998533333334
43.646335333333326
42.95096999999999
42.630232333333325
41.51522666666667
37.633729333333335
54.215653999999994
46.557881333333334
48.27458433333334
40.685369
43.38541833333333
42.384076
43.394501000000005
46.111055
67.56994066666667
42.214723000000006
44.96235233333332
44.829684
42.34244066666666
41.017150666666666
43.23028299999999
40.81730166666667
49.179597
38.35282533333334
37.994712
50.86935733333333
58.76546966666666
52.737527666666665
37.63
40.38282566666666
49.80375499999999
39.07026166666667
45.241709
39.60098133333334
37.679795666666664
60.464290999999996
44.174709
42.13889699999999
40.96913833333333
52.23806866666666
43.35976099999999
48.05766666666667
47.96718733333333
42.32729666666666
44.17625766666667
56.376081000000006
45.757024666666666
43.55632266666667
44.27911366666666
42.11963166666667
42.500821333333334
44.09458533333333
44.64537233333334
42.24112833333333
44.72291666666667
51.53420666666667
38.238637
41.80723366666666
45.78124866666667
43.41826833333333
42.104906
46.07406233333333
50.759798
53.92936466666667
216.24056933333333
118.83362066666668
26.192951333333333
23.791507333333332
16.897343333333332
18.564031
17.941045666666668
17.327606
17.397845
16.483917333333334
17.184952666666664
20.746605333333335
22.525381
15.869908000000002
16.899723333333334
14.751805999999998
16.294814000000002
15.665544999999998
15.939154666666667
35.88987266666666
15.656584333333333
15.718633
13.165613
19.48341
36.46095533333333
38.014200333333335
44.169802
63.074722333333334
39.90500333333333
40.317013
40.31695366666666
47.398623
41.13905866666666
41.95818733333333
37.505295999999994
51.613248
49.41492433333333
42.49915333333333
38.38127
42.060742000000005
45.295941333333325
42.16634133333333
45.05534333333334
42.867212
43.57538133333333
47.50838266666667
48.74821033333334
40.705477333333334
41.154494333333346
47.21463266666667
43.80035533333333
45.313857999999996
54.451613
40.309654333333334
41.99061700000001
43.398489999999995
85.51307633333332
44.09799566666666
35.102457
44.21509233333333
36.908461666666675
52.76595133333332
42.43919766666667
50.03485033333334
50.289621333333336
56.19173666666667
39.293906666666665
40.95395066666667
56.17758833333333
38.84296966666666
48.74432833333333
44.838318333333326
43.210740333333334
41.214383000000005
42.417618
38.51006866666666
44.52619966666667
64.72827066666667
81.37024266666667
130.38101133333333
80.56858866666667
34.18770633333333
17.073312
17.544984333333336
17.505251333333334
26.593519
20.66604866666667
23.903311
15.393273
19.709321
18.015179333333332
14.196923333333334
17.607679333333333
16.679365
14.143264666666667
14.674360333333333
17.342734333333333
16.951146333333334
52.139578
16.313207666666667
23.57734533333333
13.847293333333331
23.586009333333333
13.723516333333334
16.037519999999997
14.056460666666668
13.72848566666667
16.785845
44.006168333333335
14.720933333333333
18.084594
15.228080000000002
49.15216966666667
34.797470999999994
43.887131333333336
47.69953266666666
50.04458366666666
99.29184133333332
50.27824766666667
49.923428333333334
46.263601666666666
40.868337999999994
47.98571766666667
40.47866633333333
40.43753933333333
46.832476666666665
37.635566000000004
35.531375000000004
40.93423933333333
51.099612333333326
42.10733866666667
51.106751333333335
45.811498666666665
46.56039833333333
48.85287766666667
43.131643
50.090085666666674
237.665013
38.13234033333334
42.398252666666664
51.22015866666667
51.23849333333334
39.70379766666667
40.764936999999996
39.782704
42.850392666666664
42.12708699999999
45.992914999999996
41.70331266666667
67.486222
41.342187333333335
39.45711433333334
43.07322533333333
56.419107999999994
58.353608666666666
43.22494233333334
39.676499666666665
38.899375
46.17273466666666
41.63159100000001
43.98030633333334
32.446351333333325
71.47292900000001
16.06342
19.646321333333333
14.873255
16.951887
16.047779000000002
17.911794333333336
16.23277
14.043142666666666
14.091936
17.294571
17.478302
14.101228333333335
13.683324666666666
12.465469999999998
14.727326000000003
15.259275333333337
14.633857999999998
14.379856333333333
13.853511333333334
42.779906999999994
38.80808166666667
38.780894
65.51215766666665
41.199901
61.38996566666666
57.33115866666666
38.50914366666667
42.203305
45.783639
47.287340333333326
42.982246666666676
40.99324433333333
51.852307333333336
52.37099033333334
45.38427333333333
48.90959766666666
36.147734666666665
45.77795266666667
42.503784333333336
49.699141
40.992252333333326
37.96888666666667
38.336093000000005
54.64641233333333
44.34870433333334
41.285700000000006
48.73979833333333
42.56706066666667
41.713261666666675
41.40157666666666
44.705788333333345
41.86581866666667
39.62722466666666
39.232671
44.70342333333333
40.201368333333335
48.148035
42.18554733333334
45.45520433333333
40.767866
51.53120966666666
45.66740366666666
41.75661566666667
44.78002566666667
41.78483299999999
51.88473433333333
40.278466
48.586419
42.591982
41.67188066666667
42.971723
40.84408366666667
66.68458033333334
24.106950666666666
19.685600666666666
18.982734
18.461572333333333
16.327786333333336
18.240971
16.032085333333335
16.85844
18.496464333333332
15.812469333333333
21.426897
17.389383666666667
16.631885666666665
14.393207333333335
17.689682666666666
24.881345333333336
15.935129000000002
13.686534000000002
46.447411
37.81668333333334
41.87138600000001
43.109522999999996
42.182349
42.766568666666664
40.64673666666667
40.140312333333334
42.261010000000006
39.769795
44.72747066666666
41.018723666666666
40.14629466666667
41.610204
44.25061
43.67603166666667
39.774481
42.321489666666665
44.67943766666666
42.05086333333333
39.97501833333333
42.19123233333334
41.751746999999995
38.92820366666667
43.310202000000004
39.940329999999996
43.665439
47.96232966666667
43.59534266666667
55.62509299999999
41.86432766666667
43.745594000000004
44.18237800000001
38.694104333333335
42.452510333333336
46.30921166666667
42.536864333333334
40.681257333333335
51.49856466666667
40.592743
43.28723566666667
45.12683733333334
41.165898999999996
57.30135733333333
51.484185000000004
40.804228666666674
39.628673
47.474032666666666
