64.121273
1.6631183333333333
1.1995806666666666
0.926284
1.0560876666666668
0.823848
1.0374663333333334
1.096794
0.978806
0.701251
1.0004363333333333
0.8000533333333334
0.8368693333333334
0.8380549999999999
1.6278886666666665
1.0305163333333334
0.8294053333333333
0.8604166666666667
0.868148
0.7513716666666667
0.6981583333333333
0.7851683333333334
1.1513733333333331
0.6977666666666665
0.9781190000000001
1.0828926666666667
0.8538633333333333
0.8539266666666667
1.147738666666667
1.0690536666666668
0.8684373333333334
0.8558533333333332
1.009028
0.8602186666666666
0.9715876666666667
2.8400396666666663
0.9763966666666667
0.7748983333333334
0.8590663333333334
0.9476930000000001
1.015504
0.8859806666666667
0.900839
0.875307
0.7177083333333334
1.0853586666666666
3.1431703333333334
0.8945036666666667
0.7684403333333334
2.0256916666666664
0.8626400000000002
0.886425
0.664168
0.9920196666666667
0.9025416666666666
0.8252236666666667
1.0082436666666668
1.2494703333333332
0.603143
1.3171273333333333
0.6915856666666667
0.9848969999999998
1.9561279999999999
0.8567593333333333
0.8488549999999999
1.1015226666666666
0.8287473333333333
0.9547636666666666
0.7189740000000001
1.1150879999999999
0.7832846666666665
0.7105113333333334
0.9519650000000001
0.916401
1.0207603333333333
0.9299903333333334
0.979019
0.7509673333333334
0.9933160000000001
0.9990303333333334
0.9716453333333334
0.8551726666666667
1.0053786666666669
0.7350173333333334
0.7710586666666667
0.7456403333333333
0.9461179999999999
1.1752943333333332
3.128337333333333
1.2056216666666666
1.4035263333333334
0.9180723333333334
1.0347410000000001
0.9396696666666667
0.8583379999999999
0.9591663333333335
0.601223
0.7490606666666667
0.8470643333333333
0.8504036666666668
2.8854323333333336
0.748059
0.779919
0.690261
6.561450000000001
1.1633816666666668
0.9343423333333333
0.8173763333333334
0.9572423333333333
3.297876333333333
2.356787666666667
0.8307853333333334
53.16942866666667
2.3491513333333334
0.9427103333333333
14.564554000000001
1.3282106666666664
2.6453773333333337
2.2075423333333335
1.0121140000000002
42.700583333333334
1.5070796666666668
1.328818
1.2983373333333332
1.1400336666666666
0.6672126666666666
1.0949516666666665
3.7413636666666665
0.8564446666666665
0.885309
0.9732869999999999
0.7284706666666666
0.693312
2.2588706666666667
0.7985293333333333
0.7284639999999999
0.8630136666666667
0.9483433333333333
0.7764443333333334
0.7831836666666666
0.8049213333333333
1.0575256666666668
0.9481133333333333
1.4274196666666665
0.9182176666666667
1.183522
0.873617
1.249309
0.7869373333333334
0.8543406666666667
0.8659656666666667
3.5209006666666665
0.9849959999999999
0.9339133333333333
0.8074029999999999
1.049193
0.7458396666666666
0.795013
0.8091456666666667
0.6645279999999999
0.8834733333333333
0.8625406666666667
0.7306493333333334
0.9765746666666666
0.8309476666666668
0.9209636666666667
0.9229206666666667
0.7888786666666666
0.8665113333333334
3.354150333333333
0.7708683333333334
0.6794129999999999
0.6655266666666666
0.9526656666666667
4.431517
0.8423086666666667
0.8022296666666667
0.6010756666666667
0.89988
0.9095346666666666
1.100497
0.7353883333333333
1.5196006666666666
0.8039996666666666
0.935113
0.8690653333333334
0.961138
0.8662736666666667
1.508389
0.8784863333333334
0.9101693333333333
0.9381253333333333
0.825437
1.6094423333333332
0.9269740000000001
0.7254456666666665
0.9714976666666667
0.986656
1.0542333333333334
2.3909629999999997
0.8592
0.765895
0.9312453333333334
0.7637843333333333
2.2139873333333333
1.5227493333333333
1.013553
0.9945106666666667
0.7320753333333334
1.5734413333333332
4.805547000000001
1.2265933333333334
2.1935019999999996
0.7667259999999999
1.058992
0.8681633333333334
0.6970556666666666
0.7529506666666667
0.9604499999999999
0.6742893333333333
1.371325
0.909194
0.8234496666666665
0.6633453333333333
0.803165
0.7904943333333333
0.7589479999999998
0.8966633333333333
0.810505
0.792964
0.7965613333333333
0.7896516666666668
0.9497383333333334
0.6528446666666666
1.0531193333333333
1.282012
0.8846466666666667
1.0548063333333333
0.603182
0.8794503333333333
1.3136923333333332
1.2560243333333334
1.0336836666666667
3.5689429999999995
3.039429
4.135423
2.753869
0.8253126666666667
0.7223363333333332
0.9396373333333333
0.8147663333333334
7.223123
1.0363556666666665
2.328374
0.8871553333333333
3.3655946666666665
0.8749586666666667
0.8640856666666666
1.9620936666666668
3.477448333333333
0.8867180000000001
0.9403316666666667
2.7021196666666665
0.9488113333333333
1.0914956666666666
0.9392196666666667
1.1591793333333333
1.0274023333333333
0.9728096666666666
0.7369333333333333
2.9631863333333333
0.6567363333333334
0.9067056666666665
2.666673
0.8843536666666667
0.890402
0.9744193333333332
0.8395263333333333
1.6574346666666668
0.7862793333333334
0.7552413333333333
0.8141753333333334
0.8130163333333335
1.1539063333333333
0.6716713333333333
0.7358416666666666
0.9726423333333334
0.8331609999999999
0.9036266666666667
0.7285943333333332
0.9126363333333334
0.7356213333333333
0.7781440000000001
0.8215020000000001
0.667213
2.7157086666666665
0.940028
0.7038479999999999
0.8102809999999999
2.2393069999999997
1.6774493333333333
0.6814396666666666
4.695479
1.2638393333333333
0.9095213333333333
0.7954400000000001
0.8781156666666666
1.2534133333333333
0.7595596666666666
0.7908710000000001
1.2133946666666666
0.8563846666666666
0.8776376666666666
0.7704666666666666
0.7596129999999999
0.8497486666666666
0.7321446666666667
0.7778703333333334
0.7869476666666667
0.9180033333333334
0.8679866666666666
1.060411
2.7420313333333333
0.9331686666666666
0.9760956666666667
1.0945183333333335
0.9162736666666667
0.8646666666666666
1.6706433333333335
1.063243
1.0578226666666666
1.0055383333333332
0.88971
0.8230653333333334
0.8529746666666668
0.7600336666666667
1.1369583333333333
0.9173693333333334
2.925993333333334
0.6533733333333334
0.7453393333333332
0.9001303333333333
1.149642
0.8550853333333333
0.8842869999999999
0.855035
0.861885
1.0597533333333333
0.6715076666666667
0.8488063333333334
0.8915673333333333
1.0591986666666666
0.8739606666666666
1.010861
0.7869773333333333
1.0083066666666667
0.9249296666666668
0.9911006666666666
0.9242480000000001
0.8558726666666666
5.805271333333334
1.3585909999999999
1.2047483333333335
0.7685049999999999
0.9783956666666667
0.7384746666666667
1.0334686666666666
1.2309333333333334
1.1215346666666666
0.7676090000000001
0.8798966666666667
3.217068333333333
1.0503096666666665
0.8958866666666666
1.054795
0.77515
0.9988633333333333
1.029724
0.6934123333333333
0.7050343333333333
1.024912
1.046512
0.917817
0.7813640000000001
0.8553096666666665
0.6743330000000002
1.2263166666666667
0.8504143333333333
0.9309346666666668
0.9824983333333334
0.8568056666666667
3.1256803333333334
3.545522
0.9330456666666667
0.8604826666666666
0.8274940000000001
0.765858
0.9179873333333332
1.6355713333333333
0.8977393333333333
2.613084
0.9423729999999999
0.678207
0.6790416666666665
2.7293586666666667
0.8895773333333333
0.5978326666666666
0.9086496666666667
0.7406843333333334
0.9723423333333333
0.9983979999999999
0.859404
0.8988679999999999
0.8243943333333332
0.987695
1.7759216666666664
2.0559439999999998
0.8947703333333333
0.8194123333333333
1.008684
0.8695863333333334
0.814149
1.1647886666666667
1.2427986666666666
0.8457386666666666
0.9372476666666668
1.5129556666666666
0.9273956666666666
0.9917263333333333
0.9113486666666667
0.6765876666666667
0.8116880000000001
0.6768113333333333
0.8762993333333333
1.1377536666666666
1.4761763333333333
0.866982
0.7194213333333334
1.0190176666666666
0.7927886666666667
0.8235733333333334
0.7167126666666667
0.7005623333333334
0.783929
0.9570643333333333
2.268707666666667
1.0576130000000001
0.974827
0.9100896666666666
1.0006763333333335
3.4311973333333334
0.9957799999999999
0.9354836666666667
1.1641996666666665
2.6547256666666668
1.049397
0.7242266666666666
0.9078080000000001
0.8233459999999999
0.6954056666666667
0.7434293333333333
0.64247
0.8685143333333333
1.3586583333333333
0.863482
1.0286346666666666
0.709082
0.9464036666666665
0.808802
3.389388
2.515553666666667
0.9912146666666667
0.9005043333333335
0.9472086666666667
0.8468969999999999
0.7592493333333333
1.0648963333333334
2.861029333333333
0.665283
0.6831296666666665
1.2147463333333333
0.8990873333333335
1.2559336666666665
0.9187113333333334
1.0164543333333333
3.9006346666666665
1.0195670000000001
2.687127333333333
0.6076609999999999
0.9019733333333333
0.7280603333333332
1.9432816666666668
0.9251196666666667
0.7710643333333334
0.9536603333333332
2.3613063333333333
0.9620393333333334
0.9843916666666667
0.8316076666666667
0.8693693333333333
0.8724780000000001
0.9151483333333333
0.7787753333333333
0.8376526666666667
0.7221963333333333
0.7991436666666667
0.9630376666666667
0.7710176666666667
0.769789
0.633356
1.5782766666666666
0.8394496666666665
0.7922743333333333
1.422163333333333
0.7212003333333333
0.801989
1.0529303333333333
0.8330406666666668
2.7990856666666666
0.8089853333333332
0.8380836666666666
0.7800446666666666
1.0319973333333332
0.7945453333333333
0.911979
3.931806
0.6837773333333333
2.4299056666666665
0.7755363333333335
0.5697966666666667
0.7327923333333333
2.574483666666666
0.6687926666666667
2.294214666666667
0.9838236666666665
1.005608
0.9140026666666666
0.9333589999999999
1.0759673333333333
1.0623446666666667
0.8343703333333333
1.1593233333333333
0.8370146666666667
2.471517
0.814172
0.5654783333333333
0.873438
0.9138536666666667
0.9146826666666668
0.7754626666666667
0.82205
0.9496856666666668
0.8213223333333333
0.8862343333333333
0.777942
0.8105563333333334
0.9976326666666667
0.9078693333333333
0.9533043333333332
0.9419
0.8398090000000001
0.788246
1.0168206666666668
0.7908776666666667
1.0330650000000001
0.5731006666666666
0.7032876666666668
1.0561953333333334
3.1371416666666665
0.8929596666666666
2.177917666666666
0.9266296666666666
0.878707
0.9831893333333334
0.8105493333333333
0.9004043333333334
0.727661
2.4815419999999997
1.314678
1.004757
0.748513
4.518341333333333
0.9047930000000001
0.9418996666666666
3.1376803333333334
3.1326076666666665
0.7468806666666667
1.1023603333333334
0.7973883333333333
1.2155563333333332
0.9501386666666667
2.2609003333333333
0.7406586666666667
1.7819786666666666
0.855738
0.764798
2.2861309999999997
1.4471109999999998
0.6477483333333334
1.8961029999999999
1.053609
4.1680850000000005
0.852112
2.8942186666666667
1.330655
1.1006286666666667
0.8072566666666666
0.8852096666666668
1.2512743333333336
0.7017053333333333
0.7438076666666666
0.9459456666666668
3.5500659999999993
1.0457863333333333
1.8420443333333332
3.556846333333333
0.7797633333333334
0.9012686666666667
3.944212666666667
1.0550513333333333
8.258215333333334
0.8033963333333333
0.9438036666666667
0.9526633333333333
0.9168326666666666
0.9932723333333332
0.8787973333333333
0.8680669999999999
0.816563
1.2179316666666666
0.769384
1.5036276666666666
3.499335
1.0619743333333334
0.8235353333333334
1.9053926666666667
0.8954303333333334
2.6715493333333336
1.0636723333333333
0.8972096666666668
0.7345806666666667
0.7811349999999999
0.6375783333333334
1.0434613333333334
1.0124963333333332
0.9727113333333334
1.0941493333333334
0.9323486666666666
0.8416580000000001
0.8863223333333332
2.170828666666667
1.0888920000000002
0.6849303333333333
0.8110373333333333
1.0899046666666667
0.6564663333333334
0.5919853333333334
0.7378826666666667
0.80369
0.918235
0.879559
0.7328736666666668
1.103309
0.8386253333333333
0.7683126666666666
0.9462943333333333
0.8648910000000001
0.8567423333333334
0.7134299999999999
0.881913
0.879452
0.7494710000000001
0.780475
0.9988306666666666
0.891083
2.1900326666666667
0.8672136666666667
2.701138
1.2887623333333333
0.6861309999999999
0.918843
1.4172826666666667
2.3195533333333334
0.9705956666666666
0.753116
0.979192
2.183467
0.8573756666666666
2.6315663333333332
0.774963
5.811089333333332
1.0034296666666667
0.9650639999999999
1.078894
2.3072123333333336
0.990274
0.7628656666666668
0.8532820000000001
0.8623390000000001
1.1062846666666666
1.2241199999999999
0.8861973333333334
3.1532386666666667
0.9065756666666666
1.1168813333333334
2.557093
0.9647173333333333
0.7001936666666667
1.0240493333333334
0.7416349999999999
0.8237293333333334
3.9206929999999995
3.717143
1.01586
0.6294636666666666
0.8255756666666666
0.9171716666666668
0.9698363333333333
0.708285
