2.158512
1.666855
0.9622613333333332
0.8822680000000002
0.9866976666666668
1.1846893333333333
0.9517113333333334
0.8334326666666666
0.9819113333333335
0.9008193333333333
1.0419106666666667
0.727871
0.9006623333333333
1.015448
0.9067306666666667
0.7475346666666667
0.8509153333333334
0.6963520000000001
0.799823
0.7035520000000001
0.7346703333333333
0.872436
1.073917
0.6914076666666666
0.7930483333333335
0.864643
0.6811989999999999
0.8204670000000002
1.2887093333333335
1.1443416666666668
1.112462
0.7634066666666666
0.8208746666666666
0.9787713333333334
1.0428183333333334
1.9395319999999998
0.9635563333333333
0.8890896666666667
0.8356159999999999
1.0076723333333335
1.0009430000000001
0.74001
0.9362983333333336
0.8567793333333333
0.9171956666666666
0.836164
8.057804333333335
0.882411
0.7861796666666666
0.954503
0.905247
1.0911426666666666
0.6712206666666667
0.6833536666666666
0.7570653333333333
0.7244103333333335
2.7576769999999997
1.0401506666666667
0.6763606666666666
0.927763
0.8988990000000001
1.0693186666666665
0.8562586666666666
1.0785023333333335
0.8782030000000001
0.7745150000000001
0.8403983333333334
0.915954
0.7963226666666667
0.8340740000000001
0.689472
0.843842
0.9387536666666668
1.1220973333333333
0.7869516666666666
1.0794516666666667
0.786177
0.7885483333333333
1.3472576666666667
0.889798
0.7696653333333332
0.8158893333333334
1.0575103333333333
0.6475236666666666
0.722521
0.8485110000000001
1.1559350000000002
1.1331023333333334
9.903939333333334
0.8613683333333334
0.7627929999999999
0.7779696666666666
0.8221826666666666
0.9152973333333333
0.856294
0.908656
0.7638543333333333
0.7542966666666665
1.170824
0.9207193333333333
5.407275666666666
1.0476536666666667
0.8255073333333334
0.7508913333333332
0.7253400000000001
0.907779
1.0297479999999999
1.133643
1.2157366666666667
7.556614666666667
0.7326776666666667
1.7918343333333333
38.15163166666667
2.1374503333333332
1.0582606666666665
14.290242666666666
2.048677
1.4864746666666668
0.8665539999999999
1.2226623333333333
17.45783133333333
1.2070456666666667
1.221967
0.8341556666666667
0.8899173333333333
0.8932933333333333
0.7898489999999999
2.5646609999999996
0.7336573333333334
0.9047923333333333
0.7510936666666667
0.8450826666666668
0.9558040000000001
0.9988786666666666
0.6740720000000001
0.8406316666666666
1.024597
1.005935
0.7655473333333335
0.7992399999999998
0.8756636666666666
0.810361
0.7336643333333334
0.9430506666666666
0.7509969999999999
9.584367666666667
1.4731453333333333
0.9807213333333333
0.8435206666666666
0.8394126666666667
0.8526509999999999
5.119772333333333
0.9356803333333333
0.8057060000000001
0.6253876666666666
0.5729323333333333
0.9495563333333333
0.695249
0.8777476666666667
0.610703
0.9190473333333333
0.6867166666666668
0.9409679999999999
0.9783949999999999
0.8662943333333333
0.9375676666666667
0.704533
0.7119909999999999
0.743754
3.9876606666666667
0.8465066666666666
0.906232
0.8184003333333333
1.0180856666666667
7.893348666666667
0.9596523333333332
0.8205943333333333
0.638516
0.8485673333333333
0.7915533333333334
0.9882393333333334
1.256476
0.6661579999999999
1.0098963333333335
0.8784899999999999
0.835536
0.9557383333333332
2.0545016666666664
0.9121929999999999
1.246658
0.7323223333333333
2.0799623333333335
0.6776426666666667
1.12536
1.264327
0.6287903333333333
0.6788113333333333
1.104945
0.9012560000000001
6.487506
0.6912913333333334
0.9038176666666667
1.1622356666666667
0.7788423333333334
7.134397
1.494335666666667
0.76132
1.0693843333333335
0.9744863333333335
0.9363420000000001
1.5101126666666669
0.953337
1.3424340000000001
0.6920963333333333
0.7718756666666667
1.9491566666666664
0.8347173333333334
0.6505083333333334
0.995072
0.9028083333333333
1.0075953333333334
0.709569
0.7843223333333333
0.7606716666666666
0.7931929999999999
0.790725
1.0272453333333333
0.689094
0.9250266666666667
0.9135206666666665
1.0348953333333333
1.8815773333333332
0.8027496666666667
0.6877406666666666
0.9472373333333334
1.0922356666666666
1.1941543333333333
1.0904196666666668
0.6761756666666666
0.8937603333333334
1.3052970000000002
0.8177216666666668
0.965783
3.045523333333333
11.277072000000002
25.236686666666667
6.378924333333333
0.9542946666666667
0.8896603333333334
0.8282216666666667
1.4699929999999999
2.2096613333333335
0.9036666666666666
3.1948480000000004
0.827029
24.95782266666666
0.8744013333333335
0.862085
0.9579986666666667
4.353035666666666
0.8998663333333333
0.7970066666666668
1.094525
0.7461806666666666
0.9926370000000001
1.1519826666666666
0.9542816666666667
0.6900523333333334
0.748602
0.9867726666666666
0.9100856666666667
0.682518
0.7433719999999999
1.6536046666666666
0.9650949999999999
1.0080123333333333
1.2025843333333333
1.036793
0.7486053333333333
0.9716976666666666
0.7141143333333333
0.9120320000000001
1.1648236666666667
0.6389163333333333
0.6567396666666667
0.6326176666666666
0.7676346666666666
0.7517813333333333
1.409733
0.6389363333333332
0.7932726666666666
0.9861546666666666
0.6054529999999999
0.860535
0.6374833333333333
19.139112666666666
1.3370936666666668
1.0235986666666668
0.9484136666666666
1.1937043333333333
0.9596753333333332
0.9911976666666668
0.8748256666666667
0.9085419999999998
1.20537
0.8411423333333334
0.9526316666666667
0.8856196666666666
0.806401
0.619302
0.8336286666666667
0.7299566666666667
0.7562766666666666
1.018339
0.720042
0.906572
0.9660670000000001
0.5877403333333334
0.8423883333333334
0.8791906666666667
0.7281473333333333
0.7687396666666667
3.822920666666667
0.6780363333333334
0.7871480000000001
0.9528023333333332
0.9659133333333334
1.6137096666666668
1.0529333333333335
0.8166530000000001
0.9262893333333334
0.9458693333333333
1.020472
0.9759890000000001
0.778665
0.9536303333333332
1.5095343333333335
0.9744256666666667
1.5578583333333336
1.0736823333333334
0.9717813333333334
0.896346
0.868671
0.8276066666666667
0.903463
0.8079666666666667
1.1640386666666667
0.7695816666666667
0.9655396666666668
0.8348573333333333
0.7961746666666666
0.984358
1.281239
0.9445399999999999
0.682754
0.9858306666666667
1.0825793333333333
0.9011083333333333
0.9805736666666666
0.6275200000000001
63.295313666666665
1.3694616666666668
1.0091103333333333
0.751309
1.111225
0.7621886666666665
0.824456
1.208671
0.8625240000000001
0.650155
0.9314306666666666
3.053093
0.917377
1.1205483333333335
0.8775686666666666
0.6648556666666666
1.3144796666666667
0.9239763333333334
0.6677706666666667
0.8779723333333332
0.9932523333333333
0.927422
0.8198696666666666
0.6514270000000001
0.8651616666666667
0.618809
0.9376743333333333
0.8756613333333334
0.8803036666666667
0.8549993333333333
0.8623793333333335
4.061303666666666
1.169436
1.0048173333333332
0.9292813333333333
0.7464183333333333
1.2915723333333333
1.0141946666666666
1.0148153333333332
0.776131
1.2166880000000002
0.773646
0.9184676666666666
1.0123943333333334
0.7878426666666667
4.505737666666666
0.572812
0.698859
0.8309736666666666
0.6775723333333333
0.9483406666666667
1.0101633333333333
1.093213
0.9300466666666666
1.0140206666666667
1.9264539999999999
0.7417696666666668
0.9246893333333333
0.8530416666666666
0.790304
1.558112333333333
0.9012456666666667
1.112387
0.9291526666666666
1.1211363333333333
1.0433836666666667
0.9818709999999999
0.7194383333333333
0.8020136666666667
1.0964266666666667
0.7077326666666667
0.8961003333333334
0.7266213333333332
0.861592
0.9786549999999999
0.934098
0.8831889999999999
0.6883826666666666
0.774114
0.8822336666666666
0.7862366666666668
1.0147356666666667
0.732943
1.0803056666666666
0.8077776666666666
2.484049
1.025873
0.8321793333333334
0.827604
1.0084039999999999
4.862354666666667
0.8112199999999999
0.7728543333333334
0.919971
1.0658186666666667
0.866263
0.7488226666666667
0.7986426666666667
1.0254553333333334
0.6403523333333334
0.5551793333333334
0.6340406666666666
1.053722
1.14492
0.875337
0.861027
0.6886263333333332
1.0274223333333334
0.8048946666666666
1.7894503333333331
1.9644186666666663
0.9946146666666666
0.9268603333333333
0.8682506666666666
0.8823036666666667
0.6345846666666667
0.7867176666666668
2.697732666666667
0.7522993333333333
1.0748353333333334
0.8965126666666666
0.8124713333333333
1.0048296666666667
0.8111123333333333
0.8097466666666667
4.718212333333333
2.3161609999999997
13.109136
0.6566793333333334
0.9002933333333334
0.9626639999999999
0.9189683333333334
1.0057876666666667
0.7814603333333334
0.8839493333333334
7.376120333333333
0.9386720000000001
1.10447
0.7067903333333333
0.8698066666666667
0.8497016666666667
0.7626453333333333
0.6917356666666666
0.9522846666666668
0.7255590000000001
0.8652273333333333
0.9316723333333333
0.906866
0.7343820000000001
0.7828833333333334
0.860429
0.853923
0.698114
0.6628076666666667
0.6948576666666666
1.0235383333333334
0.9674296666666667
0.9676996666666667
1.0129783333333333
0.7733986666666667
0.7522186666666667
0.8996560000000001
0.71372
0.863919
0.524695
4.998248
0.8654716666666666
6.200909666666667
0.800393
0.8988679999999999
0.7245873333333334
6.8182789999999995
1.0185326666666665
3.237829
1.0526433333333334
0.9462363333333332
0.7156836666666667
0.8814783333333333
0.8661926666666667
0.9363883333333334
0.7841556666666666
0.8702736666666667
0.863144
4.814556333333333
0.9045586666666665
0.7464749999999999
0.9697043333333334
0.8937926666666667
0.8810863333333333
0.8221259999999999
0.9202103333333334
0.7354886666666666
0.7243073333333333
0.957631
1.00469
0.7440356666666667
0.8851696666666667
0.971308
0.7903326666666667
0.7319633333333334
0.8977106666666667
1.0433603333333332
0.8404503333333334
0.8362626666666667
0.7617863333333333
0.6609216666666667
0.7411483333333333
0.9046810000000001
1.205873
1.5673873333333332
5.644901333333333
0.8568359999999999
2.712133
0.9232566666666666
0.8060906666666666
0.6881066666666666
0.864043
2.549509666666667
0.7980260000000001
18.20857666666667
0.8612613333333333
0.7401443333333333
0.9374546666666665
0.721012
5.4980590000000005
4.831295999999999
0.6830876666666666
0.786632
0.7691053333333334
1.2042279999999999
0.8492189999999998
2.3932146666666667
0.9512743333333334
5.892801333333334
0.9736726666666667
0.7541213333333333
1.8370490000000002
0.7085556666666667
0.9725143333333333
0.9544006666666668
170.79148833333332
3.794764666666667
0.644482
3.8318643333333333
0.9521053333333334
1.9780416666666667
0.7618173333333332
0.8794423333333333
2.865665
1.0916953333333332
0.7441986666666667
0.744472
6.462761666666666
0.7550610000000001
1.8720976666666667
22.240325999999996
0.8318916666666668
0.7248593333333333
5.041106
0.9534666666666668
1.4295626666666668
0.8157463333333334
0.9425516666666667
1.138169
1.1359883333333334
1.0313446666666668
0.8212653333333334
0.868214
0.8724316666666666
0.69457
0.8545306666666667
0.5952700000000001
4.036487999999999
0.8516716666666667
0.930433
0.7687753333333335
0.9789
6.310851333333333
6.160328
0.8660013333333333
0.7989280000000001
0.7212489999999999
0.8227733333333335
1.1308083333333334
0.5720046666666666
0.7890896666666668
0.7891093333333333
0.7136613333333334
0.7982266666666668
1.032437
4.882630666666667
0.9189566666666668
0.7545313333333333
0.8509523333333333
1.1083356666666668
0.6966216666666667
2.3423233333333333
1.404345
0.8586796666666666
0.9114089999999999
1.0952339999999998
0.7289626666666665
0.881786
1.130914
0.9185756666666666
1.0284016666666667
1.0173706666666666
0.7522063333333334
0.8199463333333333
0.7488766666666667
1.2370733333333332
0.7367233333333333
0.9539396666666665
1.259149
0.7774283333333333
1.6458246666666667
1.1082056666666666
4.723862333333334
0.7937546666666667
1.7975940000000001
0.7586210000000001
0.974758
0.8303316666666668
1.030546
0.8510973333333333
1.67352
0.9676896666666667
0.9866116666666667
2.9276709999999997
0.999135
8.166875666666666
0.9725613333333333
0.9458573333333334
1.1394583333333335
7.223794333333334
1.0705886666666666
0.9537316666666666
0.9424836666666666
1.2982363333333333
1.2342353333333334
0.740784
0.9666686666666667
6.108687666666666
1.0969633333333333
7.840968333333333
0.87181
0.900691
0.7166446666666667
0.8808733333333333
0.7376706666666667
1.0241293333333334
0.801517
0.7094469999999999
0.6658419999999999
0.7933083333333334
1.0810190000000002
1.112565
0.8586343333333333
1.3750183333333332
