97.23969
5.382517
4.605066333333333
4.01275
4.711600333333333
3.755519666666667
4.288979
2.879497666666667
3.7344403333333336
3.755583
8.383622333333333
8.005067333333333
2.929774666666667
3.5788479999999994
3.285460333333333
3.8353593333333333
3.6306016666666667
3.833252
3.7698396666666665
3.8114446666666666
3.9137773333333334
4.232676333333333
3.5210926666666666
3.4241233333333327
4.0109786666666665
4.2368999999999994
7.5069789999999985
5.8366136666666675
16.643309
14.976163333333332
18.715591999999997
19.788504666666668
14.750396
15.883250333333331
16.453228666666664
18.374116666666666
17.474337666666667
23.058468333333334
16.483829333333333
17.456463
27.966404999999998
105.753913
16.089461
15.507582
25.195908666666668
13.482796666666667
19.212548666666667
16.685466
16.598677
24.775903333333332
16.865996
16.92079633333333
17.265727666666667
16.13756933333333
20.893242333333333
19.445784
17.709596666666666
16.180226666666666
17.988397333333335
22.926332666666667
17.644057333333333
15.641322
18.210004333333334
21.759051
18.01517533333333
17.91762566666667
17.899775666666667
17.876898999999998
17.47730866666667
16.38383466666667
17.422656
20.629133333333332
20.698567333333333
21.606743666666663
17.861962333333334
13.254596333333334
23.555291
15.768436000000001
17.541557333333333
23.877119000000004
33.737049
16.098953666666667
18.155817666666668
15.705809
16.949384666666667
17.095406333333333
15.958533333333333
18.784121666666667
21.48504266666667
22.736427000000003
32.01338833333333
16.868318666666667
14.735928000000001
18.898056666666665
21.112243000000003
23.14054833333333
16.896621333333332
21.203666666666667
17.91281
15.579257
11.863968333333332
24.013567
16.119952333333334
18.181152333333333
28.76500833333333
15.848965
19.142433666666665
21.51195
23.991470333333336
18.79382633333333
19.290589666666666
18.078104333333332
93.42835733333332
7.653416
3.5817833333333335
134.57648133333333
76.55947766666667
8.954752666666666
4.919047666666667
3.984495666666666
132.99163866666666
6.440016
6.590645333333334
7.721120666666667
5.683442666666667
5.123535
5.258498333333333
4.844785000000001
4.987396333333333
3.990524666666667
4.537682333333334
4.209322333333334
5.486296333333333
4.166381666666667
4.587819666666667
4.480187666666667
4.341884666666666
4.865545
3.6645103333333338
4.181313666666667
4.598396666666667
5.966000999999999
4.844298333333334
4.3479529999999995
3.7852533333333334
5.532209666666667
4.939103
4.768172000000001
4.058372666666666
4.5209280000000005
4.593410666666666
10.036920666666667
4.6651956666666665
3.4629586666666667
3.946533
3.5695783333333337
6.335187333333333
4.316784333333334
4.080307
4.124897666666667
7.411228333333334
3.377623
4.079625
8.346828
7.951632
4.2996739999999996
3.5180786666666664
11.295592333333333
15.607548666666666
11.256661333333334
14.686503333333334
18.604025
19.130149
16.351937
20.460142666666666
18.172739000000004
19.626331999999998
17.476473333333335
17.34639866666667
19.340206333333334
23.371957666666663
17.016785000000002
26.122145
26.77046233333333
17.46018366666667
25.56424266666667
36.382702333333334
31.91044633333333
26.781864333333335
32.900625
39.216758999999996
18.847971333333334
22.476535000000002
24.23992
29.539761666666667
18.588473333333333
17.898954666666665
16.047364666666667
21.670182999999998
16.586864000000002
22.202969666666664
20.957728333333332
22.018363000000004
20.554042999999997
16.524095666666668
17.880712666666668
15.319630666666667
20.84920333333333
19.691179
15.717857666666665
16.310985000000002
18.272100666666667
15.907270000000002
18.910212
15.640586
16.453028666666665
16.69594766666667
20.814942000000002
17.44488
18.050036666666667
14.364302
18.507846
20.499191666666665
18.331087999999998
17.898632000000003
17.914254666666668
18.199296666666665
22.72430633333333
17.670330333333332
16.445583333333335
20.539892666666667
16.166846333333332
18.246282666666666
15.917323333333334
17.626922666666665
17.771795333333333
17.535055333333332
16.927636333333336
19.851895
17.651813333333333
9.107455333333332
5.085088666666667
3.9942539999999997
4.320426666666667
6.977708333333333
3.003415
3.262247
4.514715
3.8843253333333334
2.7991413333333335
15.339969666666667
56.712950666666664
18.505038666666668
16.681662666666664
14.279336333333333
23.938596666666665
14.874543666666668
21.169742666666668
15.914091999999998
21.656332666666668
21.532600333333335
353.982442
24.498746
5.837448999999999
4.4591243333333335
4.954524999999999
4.819247333333333
4.329645
4.755725
4.122710333333333
4.799864333333334
3.621435333333333
3.484351666666667
3.6235959999999996
3.778928
4.318410666666666
3.605132
3.526023
3.7119623333333336
3.828778
3.3939583333333334
3.8923240000000003
3.664951
3.115144666666667
3.205975666666667
3.5178779999999996
3.600880333333333
3.761047666666667
4.134115
3.4744266666666674
3.632663666666667
3.8893583333333335
8.265154
14.433545
19.364248333333332
15.249616666666668
19.834043666666666
16.220566333333334
16.385422666666667
16.298585666666668
17.410313
59.80999866666667
15.591405
12.811963333333333
15.812162999999998
16.629534333333336
15.282441666666665
16.517463666666668
17.081772666666666
16.385018666666667
15.477668
16.421052666666668
17.905847
22.482265666666667
17.662820666666665
16.775889000000003
16.684894333333332
21.710276333333336
24.916449333333333
16.100615
17.251225
16.62668533333333
16.679962
15.100977333333333
34.68251733333333
18.881508333333333
15.714643333333333
20.557565333333333
15.637001000000003
15.339869333333334
14.836410999999998
14.861561666666667
16.634870666666668
17.685213333333333
13.055905000000001
17.501301
16.82641033333333
16.536636666666666
23.825137
15.961042999999998
17.28150833333333
14.574997000000002
15.330608999999997
21.957016
15.008240333333333
17.109222
16.970661666666665
15.214932
15.026918666666667
13.391798999999999
15.127220333333334
16.168401666666664
16.487177000000003
15.558503000000002
17.212368333333334
15.811183333333332
19.233119666666667
21.609953333333337
16.880296
36.249947
72.90746566666667
11.710692666666667
6.5971280000000005
4.266408666666666
5.891874333333334
4.606935333333333
4.879620666666667
4.7458149999999995
5.290144333333333
4.079638666666667
3.558258666666667
3.956564
4.594185
4.605556333333333
3.655086333333333
7.2096979999999995
6.387702999999999
4.1413693333333335
4.0556383333333335
4.5030019999999995
3.692593
4.173346
3.4554036666666668
3.4928236666666668
4.054001333333333
4.036641333333333
4.965292
3.9719166666666665
3.4369716666666665
3.6281606666666666
3.6145216666666666
4.427491333333333
2.867077666666667
3.1558696666666664
3.8744929999999997
3.6471556666666665
6.864187333333334
4.258483666666667
3.5940023333333335
4.110405333333333
6.049359666666667
3.6764573333333335
4.211549
3.5229823333333337
3.2881743333333335
7.739159333333333
7.529388666666667
10.739883666666666
9.433965
15.433246333333335
16.360538000000002
6.951145666666666
11.056237000000001
7.788354666666667
16.554805333333334
15.019472333333333
17.575776
17.42913366666667
14.058844
15.246314333333336
17.997817666666666
15.590751666666668
17.245124
19.58146633333333
15.367213666666666
18.985487333333335
18.423386333333337
21.925448333333335
17.242225666666666
14.716339666666668
17.802880666666667
16.073471333333334
18.591837666666667
17.401377666666665
16.112125333333335
17.420334999999998
17.09660033333333
14.521015
14.704723000000001
25.52380666666667
15.311528333333333
20.534921999999998
16.163858333333334
17.072133666666666
16.218463333333332
16.118896333333335
15.580374666666666
16.700992333333335
16.520002333333334
16.708579666666665
15.281272333333334
14.719951333333332
15.292145
14.638891666666666
17.172529666666666
22.55869766666667
13.790711666666667
18.399403000000003
15.696556999999999
16.740550666666667
16.50386633333333
17.497555666666667
22.991443000000004
17.464810666666665
16.741204666666665
15.898094333333333
16.501728333333332
15.430856999999998
15.571685
18.308604666666668
17.151297333333336
17.959444666666666
16.499503666666666
15.610534000000001
18.872346333333336
20.89402533333333
17.309164000000003
97.52101800000001
23.411249333333334
17.776651666666666
6.152293
7.428998666666668
3.6957693333333332
4.350732
2.8212723333333334
2.8574229999999994
3.4242306666666664
3.139783333333334
3.063948
3.587604333333333
15.180446000000002
15.259885666666667
54.27219499999999
22.014940333333332
13.207420333333333
80.93881699999999
16.207359333333333
19.551477000000002
22.520605333333332
24.052017333333335
23.457485000000002
16.239156666666666
24.788611
16.378629
8.273616666666667
17.236754333333334
6.354536666666667
5.476665666666666
3.783604
4.445182666666667
4.402622333333333
4.2965773333333335
3.7815500000000006
3.9138183333333334
3.5771026666666668
3.358935666666667
3.9147936666666667
3.597979
4.325568666666666
4.4878496666666665
4.0271376666666665
3.4160869999999997
3.4378550000000003
3.3991286666666665
3.744393666666667
8.573995666666667
3.4653636666666663
3.984010333333334
3.1277726666666665
3.301282
3.7153226666666668
3.533230666666667
3.735243
8.388527
17.093257333333337
17.927842333333334
16.363200666666668
23.694459333333338
17.607716999999997
14.837583
18.026914666666666
21.533959333333332
16.343213000000002
22.678555333333335
20.933528999999997
17.147664000000002
24.222561666666667
15.811955666666668
16.774318333333333
17.060700333333333
18.296036333333333
17.37924933333333
18.057240333333336
17.056965666666667
15.689583333333331
17.377012000000004
15.341424000000002
16.779332999999998
16.384351333333335
17.251986333333335
17.195207
21.636156
17.534028
15.319764666666666
17.835175666666668
15.094137333333334
16.656774000000002
18.582925333333332
17.160438666666668
16.167353666666667
17.826909333333337
12.706432
18.887109999999996
15.612845666666667
17.05020766666667
17.496305333333336
17.758802
16.34834
22.61325233333333
37.80231366666667
24.234161
24.852722999999997
17.415640666666665
22.035045999999998
21.809169999999998
16.97327
22.912821666666662
18.01624766666667
14.956327000000002
22.59085466666666
17.341494666666666
24.816434
17.078252000000003
15.864028666666668
16.648230333333334
20.190243666666664
16.972876
16.687271
16.194838333333333
6.745095333333334
12.355018666666666
4.592628666666667
10.112094666666666
7.439999333333334
4.887423000000001
2.555668
3.9469033333333337
13.718026666666667
15.456137666666669
21.132983666666664
13.960744
11.724077666666666
8.601889
16.89803533333333
14.352156
25.08305633333333
14.645241666666669
18.341225333333334
8.751657666666667
13.934776
9.195661333333334
3.6110640000000003
11.388535
11.193925
12.199791666666668
11.800861
15.311358333333333
18.052913999999998
16.833828999999998
17.977905
22.73153666666667
20.02210633333333
16.518964666666665
19.195401333333333
18.33600966666667
25.324444333333332
17.973792999999997
32.01089433333333
20.688432000000002
16.748810666666667
18.063961000000003
17.568017
18.181962666666667
18.162568
18.111637333333334
35.947463
17.553655666666668
17.979034
16.855661666666666
19.008145333333335
20.670130333333333
18.546849666666667
22.109933333333334
18.542018333333335
33.516834333333335
20.429884
18.644682333333332
18.590783333333334
16.403200666666667
23.28064566666667
15.958714
19.60005
15.530642666666665
17.083725666666666
17.45005666666667
18.247728333333335
17.923492
18.087830333333333
26.40019633333333
16.02138833333333
16.936233333333334
18.971038
22.282872
16.702527666666665
16.964315333333335
19.60040066666667
24.532094
17.417420333333332
18.862723
19.598435666666663
17.047867999999998
19.35840433333333
31.286529333333334
16.40864733333333
17.797843666666665
26.359177666666668
25.653189666666666
16.133642666666667
18.817808
18.494164333333334
18.302695666666665
17.295985666666667
17.113125
19.487929
26.916962333333334
17.594591666666666
17.487470666666667
17.971973000000002
18.218401
16.278188
17.943786333333332
18.522983333333332
16.13687966666667
33.767158333333334
25.543927333333333
53.233689000000005
66.290353
6.342151
5.156423333333334
3.767908666666667
4.432982666666667
4.966432333333334
3.666745
4.741889333333333
3.8130826666666664
4.995923666666666
4.204194333333334
6.907436000000001
3.7277713333333335
