36.443372
6.164793666666667
5.2020816666666665
3.7160526666666662
6.852025
4.532923666666666
3.657716
7.208484666666666
4.239468666666666
3.437352
4.0182530000000005
3.5235939999999997
2.7910646666666667
3.831082
3.5044910000000002
2.752568666666667
2.9995056666666664
2.808246666666667
2.821899333333333
2.8545536666666664
2.8369370000000003
3.3680683333333334
3.1619546666666665
2.8061103333333333
3.540338666666667
2.9296659999999997
2.7638649999999996
3.9327093333333334
4.001709666666667
2.563696333333333
6.815372333333333
3.176420666666667
3.2354516666666666
3.4439433333333334
3.3793520000000004
3.6067326666666664
2.9834123333333333
3.435812
2.7557113333333336
3.1250586666666664
3.589123666666667
2.089995
2.867245
3.242710666666667
3.5002743333333335
3.515235666666667
3.3301149999999997
2.9022276666666667
3.150230333333333
2.984121666666667
2.5440153333333333
2.9491023333333337
3.298282
2.8803606666666663
3.037672666666667
2.9848769999999996
3.158519666666667
3.5675783333333335
3.031174
2.866357666666667
2.680702333333333
2.9559459999999995
4.044948333333333
3.965900333333334
3.014419333333333
3.5145056666666665
3.812599
3.8183666666666674
3.790454333333333
3.565281
3.5188436666666667
2.841738
3.34287
3.3765970000000003
3.0303193333333334
3.054695333333333
3.389514
3.0269666666666666
7.153692666666667
2.7502429999999998
2.5296486666666667
3.373056333333333
2.9553816666666664
3.3920623333333335
3.074005
3.627314333333333
3.268003
2.7825306666666667
2.634202
2.9167996666666665
5.247608666666667
3.5324336666666674
3.273960333333333
3.6388116666666668
4.164426666666667
3.1204023333333333
3.7507109999999995
4.072601333333333
2.963597666666667
3.8548953333333333
3.020619
3.8751113333333334
3.439375
3.294751
3.4788069999999998
3.4739446666666667
3.627092333333333
3.2720366666666667
2.8427556666666667
3.0731543333333335
3.5827406666666666
3.4220699999999997
30.692633666666666
8.186503666666667
5.989044
59.423217666666666
18.129158333333333
6.605194
8.071674
5.748174333333334
47.896189666666665
7.9005806666666665
9.23154
4.070544666666666
6.237382333333334
5.189204666666668
3.4852556666666668
6.643652
4.145399333333334
5.126250333333333
4.672211333333333
5.258779
4.952067
4.102578666666667
3.326962333333333
3.1778126666666666
3.226848
3.860979
4.053346666666666
3.234269
3.706071
3.8101833333333333
3.3337656666666664
3.4057410000000004
3.2386773333333334
3.9653613333333326
3.4529563333333333
3.805301
3.583935
3.152269
3.510932
3.2634633333333336
3.701816666666667
3.3187076666666666
4.129463333333333
2.9488396666666667
7.0900783333333335
2.7874866666666667
3.3832986666666667
3.1064260000000004
4.161917
3.655421
4.009489666666667
3.543678
6.635876333333335
3.163737
3.406359
3.626098333333333
3.588117
10.162038666666666
3.250466
3.953272333333334
3.261649666666667
3.842808
3.9118073333333334
4.014777
4.032777333333333
4.788233333333333
3.2984383333333334
3.6760040000000003
3.1863143333333332
3.6218386666666667
3.084379333333333
3.5638696666666667
6.462663666666667
4.157414333333333
3.388533666666667
2.898656666666666
3.893255
3.811794666666667
3.307190666666667
3.2002666666666664
3.0163543333333336
3.547064333333333
3.536267666666667
2.983957
3.423088
3.903940666666667
3.7652003333333326
3.5112973333333333
3.2114336666666667
3.3601196666666664
5.959510666666667
3.5304086666666663
3.551061666666667
4.786124
3.7471833333333335
3.2061003333333336
4.7615376666666664
3.8464826666666667
5.145198333333333
3.672796333333333
4.050248333333333
3.664711666666667
4.261208666666667
13.799368333333334
2.983105
3.49723
6.838227333333333
3.9032993333333335
5.002977666666666
2.6663496666666666
3.1776433333333336
3.685159666666667
2.9363506666666663
3.7424576666666667
3.599683
3.086559333333333
3.2931403333333336
3.042712
3.737398666666667
3.7336786666666675
3.9110386666666663
3.6339920000000006
3.372695333333333
3.9274066666666667
3.0950849999999996
4.073180333333333
3.90056
3.803942333333333
8.989631000000001
5.388989
3.0928123333333333
4.803647333333334
4.098039333333333
6.3389023333333325
3.5051633333333334
3.525638333333333
2.7053619999999996
3.394252
3.8383556666666663
3.434871
3.5809793333333335
3.3216156666666663
3.3581943333333335
3.897513333333334
3.065261
2.617581
3.2723866666666663
3.4447566666666667
3.8712809999999998
5.237005
4.288493666666667
2.978949
3.093738
3.0795713333333334
2.3519986666666663
3.4641026666666668
3.0837593333333335
3.065291333333333
3.226794333333333
2.9568646666666667
3.3836426666666664
3.13724
3.2309390000000007
2.3335606666666666
3.0525073333333332
2.3836853333333337
3.376288666666667
7.454759
3.365679
2.7912836666666667
2.3985366666666663
3.562752
4.65892
2.6404973333333333
3.1575513333333327
3.0720606666666668
3.4010553333333333
2.6588453333333333
2.4163536666666667
2.8688493333333334
2.826413
2.3079093333333334
3.3401909999999995
3.3449670000000005
3.284433
3.3650376666666664
2.7441219999999995
3.141755
6.7298013333333335
3.278769
3.0944836666666666
2.7395766666666663
3.1653626666666668
3.3516186666666665
16.812234333333333
3.158426
3.130531
3.3043673333333334
3.0386279999999997
2.905929
3.6094733333333338
2.9288016666666667
2.9694583333333333
3.2328596666666667
2.7070260000000004
2.962899
3.7921633333333333
2.8310853333333337
3.371422666666667
3.541863333333333
3.3572496666666667
2.618269
3.2589653333333337
3.5365566666666663
3.180404
3.584773333333334
2.6443513333333333
3.9487066666666664
3.4165010000000002
3.7331756666666664
3.1417819999999996
3.284129333333334
2.9272923333333334
3.507588333333333
3.1350253333333336
3.8086436666666668
5.284965666666667
2.729674333333333
2.6570283333333333
3.347110666666667
2.9183226666666666
2.615500666666667
2.2621569999999998
2.9527866666666664
3.06078
2.8226290000000005
2.806893
2.3449026666666666
2.9052710000000004
3.146317
3.060616
3.214746
3.117638000000001
3.425242666666667
3.0670420000000003
2.2991566666666667
3.6126133333333335
3.2782606666666667
31.672072666666665
8.055784333333333
5.621728
5.172806333333333
4.473424666666667
5.235069
3.657520333333333
3.586119
3.2282566666666668
2.8016643333333335
3.1431093333333333
4.0492083333333335
3.0374770000000004
3.065693333333334
2.8094783333333333
2.774468666666667
3.9318796666666667
3.5017983333333333
2.5742353333333337
3.408132333333333
4.087568
6.724244000000001
3.43556
3.123015666666667
3.1859303333333333
2.822942
3.2483606666666667
2.670652666666667
3.852649000000001
7.262495666666667
2.868641
3.426638666666667
3.9505156666666665
6.077393333333333
3.3495070000000005
3.047209
3.0026653333333333
3.2492316666666667
3.7092986666666667
2.961952333333333
3.5285993333333336
2.844341333333333
2.925390333333333
3.6461466666666666
7.371201666666667
3.3549896666666665
3.0244293333333334
3.325999
2.8565776666666665
3.1509063333333334
2.9103816666666664
2.8808893333333336
2.9216193333333336
2.9908626666666667
3.5466193333333336
3.04265
3.9688160000000003
2.7471979999999996
2.7369293333333338
3.3118456666666667
3.1925776666666668
3.832612666666666
2.6595003333333334
2.7756756666666664
3.5558976666666666
3.6602236666666665
3.361459
3.2410390000000002
2.3204393333333333
3.7934893333333335
3.767614666666667
3.4345316666666665
2.966616333333333
3.0614706666666667
3.433987
3.1459026666666667
2.7440743333333333
3.7802406666666672
3.3030806666666663
3.348149
2.8450436666666667
7.629723333333334
2.405768333333333
2.927525333333333
2.986319
7.285312666666667
2.683593333333333
2.700218
3.8337330000000005
3.011272
3.4604893333333338
2.9994929999999997
3.834995333333334
8.166854
3.667901333333333
3.0280970000000003
3.502350666666667
2.7163013333333335
8.266063333333333
6.377700333333333
3.0319673333333337
2.321593333333333
3.040279
3.648154
3.7814946666666667
2.7355036666666663
2.925596666666667
3.292757
3.5436743333333336
3.1396523333333337
3.3053970000000006
3.3289046666666664
3.0436723333333333
4.238509333333333
3.2458116666666665
3.064868666666667
3.3037639999999997
3.036509
3.3013163333333337
3.599301666666667
7.433861
4.403083666666666
3.9810119999999998
4.109963666666666
3.695245333333333
4.338613333333334
3.3848396666666667
3.68487
3.2708429999999997
2.9263670000000004
3.456849
3.3774933333333337
3.4643533333333334
4.452184333333333
4.175938666666666
3.201931
3.0958186666666667
3.865904333333333
2.7910066666666666
3.150929
3.6889656666666664
3.5717993333333333
3.4594916666666666
2.919544
4.172941000000001
4.389704666666667
3.0261983333333333
2.975583
2.510657333333333
2.7980466666666666
3.4432783333333337
3.00935
3.129318333333334
3.5186360000000003
2.7224143333333335
2.8993266666666666
5.3005423333333335
3.2970469999999996
3.137397333333333
3.4736619999999996
2.915226333333333
3.6359196666666667
3.0126536666666666
2.4270966666666665
2.910655
2.446510333333333
5.403742666666666
3.1936363333333335
3.434208
3.6109803333333335
3.049436
2.194226
4.291778
3.7461636666666664
2.991827333333333
2.9957883333333335
3.1174933333333334
2.759611666666667
3.4229773333333333
2.983211333333333
3.533822333333333
3.973497333333333
2.935238
3.1842756666666667
3.7768916666666663
3.5516420000000006
5.2789616666666666
3.6214643333333334
3.5326073333333334
3.894344333333334
3.0533273333333333
3.459755
3.517431333333333
3.7827246666666667
3.5582696666666664
3.2428836666666663
3.492936
3.6922533333333334
2.3494543333333335
3.239164
3.31179
4.024719
2.896504333333333
2.7599423333333335
3.4085110000000003
3.232939333333333
3.6523153333333336
2.9816396666666667
3.8216473333333334
3.746674
2.9122606666666666
2.5965830000000003
2.7344380000000004
3.47892
3.5118389999999997
3.7974816666666666
3.36424
3.7403546666666667
3.771163
2.8272436666666665
2.8787033333333327
3.133207666666667
3.735590666666667
3.332340666666667
3.288956666666666
3.883485333333333
3.580904333333333
3.076813
3.127788666666666
3.096994666666667
2.9321249999999996
3.9552606666666663
2.515079666666667
3.308104333333333
2.9741413333333333
3.4234003333333334
3.663057
2.663926
3.418585333333333
6.362908333333333
4.318914333333333
4.404465
2.8543040000000004
3.6586399999999997
4.136575333333333
2.21843
3.050345
3.678115666666667
3.5071903333333334
6.489140333333332
3.420866
3.4506669999999997
3.3999823333333334
4.143396666666667
2.9474823333333333
3.246631666666667
3.3574863333333327
3.5186246666666663
2.4688986666666666
3.283091666666667
4.411062
3.1888356666666664
3.4743453333333334
2.3803083333333332
4.05311
3.5689506666666664
3.3302876666666665
2.9360546666666667
3.7320716666666662
3.4436416666666667
2.5808180000000003
2.897429666666667
3.773911333333333
2.9480506666666666
2.4820543333333336
3.623339666666667
2.4840636666666667
3.9387883333333336
3.2630043333333334
3.8669089999999997
3.5819663333333334
2.368682
3.151051666666666
3.058418
2.743456
2.340412
3.451573
2.940602333333333
3.1772333333333336
5.9867756666666665
3.368268666666667
4.092746000000001
6.831895333333333
3.530025333333333
2.427861333333333
3.7966956666666665
2.4179323333333334
3.4408006666666666
3.6084246666666666
2.606129333333333
3.648807
3.366089666666667
3.464611
3.6067913333333332
3.0221433333333336
4.396695333333334
4.463229666666667
2.8410596666666663
5.170658333333333
3.3958820000000003
3.573391666666667
3.1016189999999995
3.4050363333333333
3.3283660000000004
3.296614
2.764624
3.3276586666666668
3.288473
4.926385333333333
3.013097666666667
4.981459
2.9199396666666666
3.0244823333333333
7.341939666666666
4.173746
4.989068333333333
3.4651756666666667
2.98147
4.6349436666666675
3.3522870000000005
3.338934
6.981127333333333
3.7456716666666665
3.449570666666667
2.421638333333333
3.2680783333333334
3.173796333333333
3.2796016666666667
3.5429566666666665
3.1804276666666667
3.7454603333333334
3.052880333333333
2.963691666666667
2.4710946666666667
3.3838880000000002
2.8652153333333334
2.486095666666667
2.764082
3.4949896666666667
3.340862333333334
5.622803333333334
3.1875169999999997
7.084741666666666
4.255294333333333
3.4357063333333335
3.221680333333333
2.667892666666667
2.915494666666667
3.2573443333333336
