1.45
1.17
2.68
0.88
1.44
0.85
1.04
24.63
1.06
1.17
0.6
0.29
0.19
1.22
0.21
0.32
0.29
0.37
0.16
0.52
0.26
0.19
0.28
0.16
0.07
0.16
0.72
0.24
0.33
0.8
0.59
1.09
1.49
0.45
0.6
0.2
0.69
0.9
1.36
0.77
0.67
0.24
0.71
0.47
0.21
0.65
0.92
0.37
0.51
0.98
0.83
0.44
0.19
0.41
0.28
0.4
0.33
0.61
0.08
0.05
0.16
0.06
0.06
0.05
0.06
0.16
0.06
0.04
0.16
0.06
0.05
0.17
0.13
0.34
0.28
0.05
0.66
1.14
0.46
1.26
0.81
0.87
0.63
0.76
0.63
1.14
0.82
0.53
1.15
0.51
0.47
0.72
0.51
0.92
1.3
0.44
1.2
0.33
0.48
0.84
1.97
1.3
1.07
0.24
1.21
0.61
0.47
0.38
0.26
0.37
0.41
0.36
0.08
0.06
0.07
0.06
0.07
0.07
0.06
0.06
1.3
0.46
6.77
1.95
0.58
1.8
0.98
0.37
1.29
0.49
0.39
1.46
0.32
0.05
0.17
0.11
0.31
0.5
0.17
0.37
0.23
0.2
0.27
0.13
0.06
0.18
0.43
0.46
0.79
1.0
0.98
0.84
0.5
0.74
0.52
0.63
0.66
0.54
1.11
0.98
0.78
0.78
1.17
0.81
0.88
0.35
0.27
0.43
0.41
0.43
0.35
0.31
0.37
0.32
0.15
0.29
0.35
0.19
0.24
0.23
0.16
0.05
0.23
0.05
0.03
0.33
0.18
0.05
0.21
0.14
0.36
0.34
0.33
0.36
1.44
0.49
0.24
0.27
1.38
0.92
0.48
0.31
0.48
0.9
0.44
0.38
0.58
0.76
0.73
0.59
0.91
0.48
0.41
1.03
0.68
0.44
0.71
0.61
0.46
0.59
0.76
0.49
0.81
0.99
0.55
1.1
0.85
0.45
0.6
0.89
0.6
0.89
0.86
0.17
0.3
0.13
0.6
0.04
0.23
0.18
1.27
3.62
2.8
3.16
2.03
0.91
3.57
2.24
3.51
0.89
1.44
1.28
0.89
1.01
8.49
0.86
1.65
1.04
1.55
1.59
1.54
0.08
0.07
0.57
0.8
0.48
0.56
0.25
0.79
1.07
0.33
0.74
1.21
0.44
0.73
0.95
0.6
1.27
1.55
1.55
0.92
1.57
1.4
0.82
0.63
0.81
0.83
0.59
1.08
1.76
0.88
0.87
0.62
0.95
1.57
0.55
1.86
1.74
0.75
1.06
1.29
0.27
0.24
0.77
0.45
0.72
0.27
1.04
0.12
0.51
0.29
0.13
0.06
0.3
0.19
0.29
0.79
0.59
1.01
0.84
1.15
0.78
0.8
0.72
0.57
0.63
0.96
1.02
0.75
0.38
1.79
1.22
1.78
1.43
1.47
1.11
1.0
1.82
1.64
1.87
1.23
0.94
1.24
1.78
1.57
1.27
1.56
0.87
1.0
1.84
1.44
0.94
1.33
1.03
1.42
1.2
0.82
1.1
0.31
0.06
5.34
1.06
2.65
1.97
0.74
1.58
0.99
1.19
1.49
1.39
0.56
0.62
0.62
0.7
0.76
0.15
0.31
1.22
1.44
0.1
0.36
0.47
0.25
0.21
0.81
1.29
0.78
0.45
0.43
0.55
0.68
1.19
0.35
1.53
0.25
0.7
0.61
0.67
0.89
0.54
7.78
0.47
0.85
1.48
0.42
0.57
0.99
0.38
1.62
0.4
0.61
0.48
0.42
0.42
0.49
0.33
0.22
0.37
0.32
0.29
0.27
0.16
0.1
0.22
0.21
0.09
0.1
0.19
0.21
0.31
0.2
0.38
0.18
0.36
0.54
0.66
0.6
0.42
1.62
0.38
1.08
0.54
1.41
0.37
1.69
0.78
0.52
0.71
0.45
1.06
0.16
1.11
1.08
0.44
1.2
0.64
0.65
0.76
0.51
0.15
1.07
0.58
1.33
1.28
0.6
0.83
0.96
0.4
0.43
1.29
0.33
0.62
0.1
0.33
0.42
0.27
0.39
0.3
0.05
0.61
1.4
2.22
4.53
2.72
2.62
1.65
5.98
1.39
1.63
1.08
1.61
1.34
1.0
0.48
0.82
0.97
2.23
1.73
1.01
1.45
1.79
0.67
0.8
0.71
0.09
0.07
0.07
0.22
0.38
0.78
0.42
1.08
0.63
0.59
0.59
0.29
0.88
0.91
1.0
1.3
0.96
1.02
0.76
1.17
1.19
0.97
2.05
0.74
0.69
0.72
0.68
0.67
0.88
0.58
1.28
0.86
0.66
0.15
0.78
0.6
0.36
0.47
0.15
0.4
0.06
0.74
0.22
0.12
0.36
0.24
0.37
0.19
0.06
0.13
0.15
0.31
0.94
0.47
1.35
0.21
1.46
0.26
1.53
0.59
0.7
1.18
0.4
0.76
0.85
1.09
1.3
1.07
2.12
0.87
2.17
1.06
0.77
1.37
1.08
1.46
2.01
1.04
1.27
2.0
0.91
1.58
1.55
0.9
1.09
1.4
1.09
0.99
1.17
0.84
1.98
0.52
1.18
0.78
0.38
0.64
6.39
3.05
1.97
19.19
1.27
2.57
1.57
2.11
1.72
0.47
1.8
1.12
2.75
2.36
1.4
2.96
4.08
2.61
1.04
2.49
2.77
1.73
1.39
0.93
1.04
0.92
1.29
2.28
1.07
2.22
1.36
1.24
1.49
2.22
0.91
0.9
1.17
1.28
1.75
1.48
1.83
0.76
1.41
2.06
0.86
0.9
0.68
0.72
1.92
0.66
1.79
1.44
1.63
1.53
1.28
1.51
1.4
1.18
1.91
1.81
1.59
1.43
0.9
1.85
0.68
1.29
0.53
0.62
0.85
0.72
0.94
0.63
1.0
0.6
1.17
0.7
1.08
1.15
1.3
1.56
0.57
1.02
0.87
1.3
0.48
0.8
0.89
1.06
2.46
2.05
0.87
1.46
0.96
1.88
1.71
1.22
3.0
1.84
1.0
2.95
1.18
1.77
1.87
1.99
1.41
2.67
1.88
0.09
0.47
1.19
1.44
1.13
2.45
1.32
1.94
2.25
1.61
1.22
2.2
2.55
