120.99
25.01
45.04
21.43
21.99
19.31
33.76
14.14
64.68
8.19
11.71
11.3
3.62
2.74
9.27
2.37
7.55
5.41
4.84
6.56
11.55
7.33
5.76
5.61
3.85
7.89
12.88
11.39
10.11
18.53
32.8
30.64
29.88
34.94
40.23
22.99
34.2
28.56
36.74
26.9
33.22
34.13
28.7
23.7
34.38
21.6
14.33
25.27
19.33
19.66
22.98
25.05
18.19
13.54
13.17
18.08
16.71
10.83
7.91
19.06
10.82
1.47
3.95
1.58
3.26
3.82
1.68
5.51
8.45
9.08
13.82
11.98
9.18
6.44
27.68
30.87
26.79
17.12
31.24
15.58
30.75
16.18
36.88
30.85
25.24
23.24
26.88
37.55
25.24
25.44
44.29
25.19
21.38
30.02
46.08
28.03
21.72
29.25
24.4
40.32
49.1
49.32
31.07
33.8
28.56
40.67
31.94
24.18
30.02
31.29
32.26
22.54
25.11
27.4
27.42
30.85
27.96
28.26
26.7
30.12
101.99
54.225
20.060000000000002
22.825
12.055
25.759999999999998
20.72
23.03
23.115
18.52
22.98
19.705
28.29
3.9749999999999996
8.855
4.025
18.945
3.9699999999999998
3.82
7.765
5.96
8.465
3.7199999999999998
2.01
11.43
19.385
7.145
17.32
4.1850000000000005
9.785
7.305
6.31
16.18
35.285
9.719999999999999
5.635000000000001
22.475
31.07
10.27
10.280000000000001
22.74
7.0600000000000005
10.245000000000001
9.655
7.475
6.465
4.1899999999999995
5.52
8.765
10.165
6.355
6.41
8.43
4.925
21.855
6.065
5.615
3.26
7.66
7.355
4.445
3.545
3.76
4.03
2.9050000000000002
2.0300000000000002
18.165000000000003
3.57
1.935
5.32
6.085000000000001
3.71
2.5300000000000002
29.705
10.16
7.505
17.4
14.809999999999999
32.495
14.69
24.994999999999997
13.945
33.725
24.02
14.34
12.045
15.91
16.88
15.83
16.1
34.0
19.605
13.115
16.32
16.814999999999998
16.725
12.945
16.695
26.919999999999998
16.830000000000002
25.335
17.83
41.705
23.305
19.705
17.17
29.375
13.68
15.504999999999999
11.21
14.265
11.505
16.595
9.575
19.854999999999997
4.72
7.62
6.890000000000001
7.609999999999999
22.939999999999998
18.66
35.51
22.7
40.32
38.73
28.85
65.9
45.54
36.27
42.92
58.96
50.6
49.78
39.29
69.09
61.23
42.24
51.17
57.41
28.94
48.95
104.07
76.225
35.92
13.06
12.365
14.675
11.355
15.895
49.519999999999996
9.940000000000001
9.3
6.925000000000001
10.905000000000001
8.465
13.384999999999998
19.08
19.244999999999997
13.474999999999998
22.475
9.29
10.58
18.060000000000002
21.369999999999997
11.895
13.25
14.235
11.895
12.07
14.89
14.25
8.745000000000001
18.310000000000002
9.495000000000001
17.16
17.535
19.119999999999997
19.67
24.795
18.72
12.16
12.65
11.785
10.915
11.595
2.9699999999999998
5.45
8.34
8.77
6.1499999999999995
8.0
11.45
4.935
7.805000000000001
12.05
10.219999999999999
14.079999999999998
14.91
13.235
10.215
22.490000000000002
18.63
21.205
16.705000000000002
17.035
18.665
14.635
21.715
26.619999999999997
34.6
22.47
23.14
33.57
27.705
30.93
31.155
21.125
25.2
21.65
27.765
33.92
34.755
34.19
45.055
24.64
24.03
23.255
28.535000000000004
27.305
26.65
21.34
26.244999999999997
27.445
22.314999999999998
17.205
21.775
22.115
18.32
16.395
52.669999999999995
92.1
61.91
20.865000000000002
18.740000000000002
30.89
8.26
23.435
16.635
8.855
14.865000000000002
20.09
14.85
5.82
7.585
4.470000000000001
8.200000000000001
3.4650000000000003
4.275
5.71
5.26
5.06
4.404999999999999
3.835
3.62
5.505
3.67
10.9
6.835000000000001
6.9399999999999995
7.765000000000001
6.755
8.44
7.715
8.26
6.2
13.29
9.265
6.050000000000001
6.279999999999999
5.55
6.5
8.795
5.995
6.98
4.885
8.665
7.470000000000001
4.87
7.8
6.960000000000001
6.04
7.765
4.58
5.52
5.4350000000000005
4.835
3.805
2.68
3.585
5.76
4.91
2.6950000000000003
1.895
2.88
3.0599999999999996
3.515
2.51
2.075
1.95
3.3200000000000003
4.965
1.405
3.8449999999999998
5.0
8.99
13.915
10.875
11.344999999999999
20.425
14.575
10.125
15.105
10.525
14.995000000000001
9.209999999999999
19.83
16.27
12.3
10.690000000000001
11.254999999999999
17.345
15.360000000000001
12.85
20.02
14.29
14.120000000000001
10.33
15.895
14.67
16.23
20.09
23.78
23.005000000000003
22.314999999999998
21.645000000000003
9.145
14.16
17.4
10.175
12.705
10.145
6.84
12.585
4.0
9.165
8.27
9.18
4.404999999999999
1.995
6.02
22.54
28.09
23.42
53.97
36.38
79.45
62.46
39.76
24.79
39.15
51.35
34.02
47.87
50.5
44.73
50.26
55.88
46.39
42.17
37.08
41.98
44.29
47.41
29.39
1.76
21.25
99.54
62.815000000000005
20.32
12.205
10.54
18.919999999999998
6.8
20.81
6.88
8.13
7.859999999999999
18.725
16.66
12.120000000000001
9.635
16.915
13.489999999999998
11.735
14.985
11.629999999999999
11.955
10.905000000000001
13.095
27.095
13.895
13.625
11.600000000000001
13.665
11.850000000000001
23.1
15.79
16.305
17.625
19.134999999999998
16.91
22.71
10.42
13.1
8.78
7.37
6.32
8.55
8.79
5.77
6.455
5.359999999999999
7.57
10.02
10.559999999999999
11.97
17.27
19.93
19.205
18.365000000000002
18.58
20.22
18.01
25.915
15.86
22.585
23.285
19.5
30.55
36.695
33.745
32.32
37.705
39.9
33.769999999999996
39.235
32.085
39.935
28.005
35.655
41.010000000000005
41.135000000000005
44.225
25.45
32.065
31.81
34.455
26.67
30.144999999999996
36.099999999999994
29.475
25.700000000000003
24.515
35.17
24.845
35.44
21.975
27.94
24.12
23.965
22.37
39.11
40.76
67.49
30.99
19.68
41.72
47.89
93.93
72.09
46.845
34.735
29.325000000000003
24.78
33.355000000000004
38.43
31.36
31.48
27.21
31.905
27.2
27.375
26.945
19.14
22.525
20.805
29.92
27.425
34.905
54.935
38.68000000000001
34.324999999999996
37.265
36.44
40.05
29.77
27.545
30.044999999999998
30.78
36.735
30.185000000000002
41.55
33.97
30.645000000000003
31.455
29.975
34.825
34.365
25.439999999999998
37.22
27.465
32.195
33.7
33.2
38.855000000000004
27.095
36.735
44.135
36.56
27.55
22.240000000000002
31.115000000000002
25.31
25.855
27.509999999999998
28.015
24.725
22.265
30.855
28.275
16.43
28.07
11.504999999999999
16.795
13.004999999999999
26.6
28.42
24.615000000000002
25.15
21.985
25.369999999999997
28.035000000000004
25.18
27.935000000000002
17.240000000000002
24.495
17.064999999999998
27.34
34.185
25.475
32.175
27.905
37.04
53.445
42.989999999999995
44.540000000000006
27.755
42.585
34.685
40.025
41.379999999999995
47.730000000000004
59.92
62.745000000000005
56.385000000000005
53.16
13.3
88.745
70.38333333333334
32.20666666666667
29.903333333333336
48.52333333333333
15.709999999999999
21.686666666666667
15.699999999999998
36.626666666666665
41.693333333333335
14.34666666666667
26.526666666666667
22.38
