49.81
12.51
25.83
25.37
8.17
6.68
59.39
8.85
8.15
5.28
13.84
5.52
4.47
4.4
1.44
5.6
0.75
3.44
0.73
1.99
1.46
5.29
3.56
4.02
2.92
2.27
9.03
3.7
8.72
3.29
3.24
3.18
2.37
8.55
7.39
6.66
6.65
2.55
6.38
9.37
5.04
6.43
21.64
7.16
3.66
0.84
5.41
1.54
5.14
3.27
3.35
4.03
2.92
4.49
6.6
1.52
2.31
0.66
0.95
1.69
1.5
1.06
0.89
1.62
1.43
2.31
1.69
0.86
0.9
2.01
2.78
0.87
2.24
4.9
2.67
4.14
4.98
4.43
5.3
8.24
1.95
5.55
2.73
8.23
2.26
8.27
3.93
3.4
4.6
2.99
6.2
2.9
5.57
5.98
8.98
6.02
3.64
7.05
5.45
7.78
6.98
7.48
8.9
4.96
8.73
4.85
5.02
8.58
2.26
5.78
4.21
5.28
0.79
0.75
0.89
0.75
0.75
0.82
0.8
2.0
7.0
27.37
35.36
37.49
20.02
101.97
56.51
8.995000000000001
2.5949999999999998
4.58
3.59
4.279999999999999
37.065
1.385
3.08
2.59
33.480000000000004
27.52
3.205
1.005
1.42
1.9
0.63
2.7
2.85
22.869999999999997
4.555
3.455
3.1599999999999997
2.59
3.54
33.94
10.745000000000001
4.305
2.835
2.325
39.505
4.905
4.105
6.58
35.035
4.62
6.275
4.6850000000000005
3.09
3.24
5.470000000000001
3.4749999999999996
2.5949999999999998
17.28
2.38
2.9450000000000003
2.3
1.245
34.760000000000005
1.655
2.295
0.9850000000000001
2.0
2.105
1.6800000000000002
24.619999999999997
1.2650000000000001
0.8899999999999999
0.825
0.8700000000000001
34.78
2.1
12.905
0.8600000000000001
1.505
2.3200000000000003
2.24
17.195
2.1
1.825
2.5949999999999998
4.925000000000001
38.504999999999995
3.645
3.5250000000000004
3.425
36.275
2.78
1.6600000000000001
5.49
38.965
3.66
5.385
4.33
23.96
2.9050000000000002
4.48
3.59
4.17
2.715
5.859999999999999
24.490000000000002
3.46
3.715
2.9299999999999997
4.885
35.885
4.965
3.2750000000000004
2.15
35.385000000000005
4.1899999999999995
2.415
2.525
38.32
2.49
3.26
3.42
23.555
2.325
1.21
2.205
1.575
4.4
13.82
16.39
3.8
32.48
14.15
15.0
19.87
11.79
11.0
7.19
15.38
14.01
14.28
4.77
7.41
22.69
7.69
11.23
11.18
8.43
7.64
1.26
20.22
10.42
7.26
0.76
4.56
6.36
9.45
5.81
5.29
10.5
2.06
7.26
7.56
6.35
11.44
3.73
12.93
5.6
6.66
11.49
3.79
6.87
6.79
7.06
13.72
8.28
8.77
8.74
7.22
8.84
6.55
10.23
9.44
6.92
7.21
7.53
11.03
3.43
3.72
6.48
2.56
5.38
4.49
4.14
1.68
3.56
4.18
4.45
4.63
3.48
1.66
5.39
4.22
5.15
3.78
8.81
2.82
5.23
3.64
6.05
4.41
4.47
4.88
9.8
11.22
6.19
10.56
11.35
9.98
10.36
10.36
7.01
12.53
13.62
6.51
10.85
9.44
7.47
19.57
10.67
12.54
12.93
10.0
9.22
10.57
10.75
9.08
11.4
6.4
6.17
16.41
8.6
15.0
7.23
6.99
3.47
5.94
6.4
37.99
0.3
9.69
6.17
4.0
21.71
22.77
8.78
6.2
8.71
6.49
4.78
14.33
4.13
12.24
1.82
2.63
6.79
1.81
3.67
2.57
1.8
1.59
4.49
3.01
2.9
3.61
6.67
5.16
8.55
5.33
3.2
11.14
7.5
7.45
4.56
6.65
5.79
6.21
6.13
3.12
9.46
3.12
4.66
3.93
30.8
3.12
3.54
1.52
4.46
2.26
4.06
2.17
4.77
1.67
2.07
2.28
3.79
0.76
3.21
1.53
1.52
0.86
1.81
0.72
1.95
0.8
1.32
2.26
0.85
1.65
2.94
1.9
1.24
3.78
4.79
3.27
6.88
4.03
8.77
4.0
9.06
5.69
11.06
5.75
8.16
7.92
6.53
8.14
12.73
4.25
7.19
6.78
6.3
6.74
7.42
8.71
7.22
6.12
5.87
7.83
11.36
10.55
4.45
7.32
3.57
3.93
5.53
2.02
6.6
3.94
3.9
3.88
5.55
4.62
0.81
1.73
5.55
0.46
2.82
21.03
30.95
8.63
26.48
15.45
22.24
15.51
14.47
14.8
12.15
12.76
11.57
10.97
6.42
12.2
10.16
6.04
39.73
7.67
6.19
8.56
8.11
4.43
9.46
0.8
0.95
0.78
7.94
7.26
5.96
18.02
8.69
5.26
11.07
8.46
13.12
11.66
12.2
10.89
11.9
4.62
13.13
11.64
17.52
9.4
7.81
10.87
8.28
13.46
9.22
7.44
5.02
7.78
10.81
7.5
4.59
10.82
7.4
5.27
5.5
13.6
1.59
4.96
4.19
5.22
2.32
21.34
3.78
2.21
3.14
3.2
5.88
3.54
4.15
0.93
4.13
4.91
5.35
2.42
3.83
12.14
3.34
9.23
7.26
7.22
7.11
6.57
10.98
9.15
9.9
7.5
10.21
14.8
9.9
11.04
14.81
8.83
8.39
9.85
7.94
10.0
10.38
11.92
14.06
10.32
15.92
6.69
8.19
10.27
5.22
7.73
12.41
9.71
8.22
4.55
9.32
5.03
12.13
6.21
5.61
9.52
64.03
47.49
14.86
21.96
8.49
17.7
15.97
12.97
2.58
16.23
15.14
11.53
9.98
8.88
20.05
11.26
11.53
17.85
7.09
14.22
17.97
15.59
8.3
17.58
13.79
13.36
11.82
15.81
11.13
10.65
11.29
7.77
11.03
11.8
8.87
20.02
6.91
10.16
11.02
8.94
18.22
7.25
15.69
5.3
9.84
8.1
5.05
14.74
10.4
8.03
11.89
8.62
15.47
8.11
12.27
8.37
8.22
11.6
6.56
8.47
11.22
5.92
10.77
5.6
9.22
7.6
6.18
7.86
10.47
6.25
5.57
9.14
12.32
9.18
5.61
4.32
11.31
7.74
8.65
6.78
8.91
6.97
4.47
3.55
8.86
9.9
7.09
10.9
11.89
10.49
11.99
11.11
12.29
12.79
16.97
8.73
10.37
11.53
14.33
18.04
13.59
19.57
18.12
12.41
18.11
14.85
0.76
9.29
13.97
8.38
12.09
19.78
10.84
21.54
11.41
15.6
10.69
6.78
8.52
